ll_206,ll_205,ll_208,ll_207,ll_209,ll_200,datasize,ll_202,ll_201,ll_204,ll_203,exactPath,ll_240,ll_249,ll_242,stop_criteria,ll_241,ll_244,ll_243,ll_246,ll_245,ll_248,ll_247,ll_239,ll_238,ll_231,ll_230,ll_233,ll_232,ll_235,ll_234,ll_237,ll_236,ll_228,ll_227,ll_229,ll_220,ll_222,ll_221,ll_224,ll_223,ll_226,ll_225,ll_217,ll_216,ll_219,ll_218,ll_211,ll_210,ll_213,ll_212,ll_215,ll_214,ll_280,ll_282,ll_281,ll_284,ll_283,ll_286,ll_285,ll_288,ll_287,ll_289,ll_271,ll_270,ll_273,ll_272,ll_275,ll_274,ll_277,ll_276,ll_279,ll_278,ll_260,ll_262,ll_261,ll_264,ll_263,ll_266,ll_265,ll_268,ll_267,ll_269,ll_251,ll_250,ll_253,ll_252,ll_255,ll_254,ll_257,ll_256,ll_259,ll_258,iter_438,iter_439,iter_436,iter_437,iter_430,iter_431,iter_434,iter_435,iter_432,iter_433,iter_427,iter_428,iter_425,iter_426,iter_429,iter_420,iter_423,iter_424,iter_421,iter_422,iter_416,iter_417,iter_414,iter_415,iter_418,iter_419,iter_412,iter_413,iter_410,iter_411,ll_291,ll_290,ll_293,ll_292,ll_295,ll_294,iter_405,iter_406,iter_403,iter_404,iter_409,iter_407,iter_408,time_pns,iter_401,iter_402,iter_400,ll_297,ll_296,ll_299,ll_298,ratio_62,pns_349,ratio_63,pns_348,ratio_64,pns_347,ratio_65,pns_346,ratio_66,pns_345,ratio_67,pns_344,ratio_68,pns_343,ratio_69,pns_342,pns_341,iter_359,pns_340,iter_353,ratio_722,iter_354,ratio_721,iter_351,ratio_720,iter_352,iter_357,ratio_726,iter_358,ratio_725,iter_355,ratio_724,iter_356,ratio_723,ratio_729,ratio_728,ratio_727,iter_350,ratio_60,ratio_61,pns_339,ratio_51,pns_338,ratio_52,pns_337,ratio_53,pns_336,ratio_54,pns_335,ratio_55,pns_334,ratio_56,pns_333,ratio_57,pns_332,ratio_58,pns_331,ratio_59,pns_330,iter_348,iter_349,ratio_740,iter_342,ratio_733,iter_343,ratio_732,iter_340,ratio_731,iter_341,ratio_730,iter_346,ratio_737,iter_347,ratio_736,iter_344,ratio_735,iter_345,ratio_734,ratio_739,ratio_738,ratio_50,pns_328,ratio_40,pns_327,ratio_41,pns_326,ratio_42,pns_325,ratio_43,pns_324,ratio_44,pns_323,ratio_45,pns_322,ratio_46,pns_321,ratio_47,iter_339,pns_320,ratio_48,ratio_49,iter_337,iter_338,ratio_751,ratio_750,iter_331,ratio_744,iter_332,ratio_743,ratio_742,iter_330,ratio_741,iter_335,ratio_748,iter_336,ratio_747,iter_333,ratio_746,iter_334,ratio_745,ratio_749,pns_329,pns_317,pns_316,ratio_30,pns_315,ratio_31,pns_314,ratio_32,pns_313,ratio_33,pns_312,ratio_34,pns_311,ratio_35,pns_310,ratio_36,iter_328,ratio_37,iter_329,ratio_38,iter_326,ratio_39,iter_327,ratio_762,ratio_761,ratio_760,iter_320,ratio_755,iter_321,ratio_754,ratio_753,ratio_752,iter_324,ratio_759,iter_325,ratio_758,iter_322,ratio_757,iter_323,ratio_756,pns_319,pns_318,pns_306,pns_305,pns_304,pns_303,pns_302,pns_301,pns_300,iter_397,iter_398,iter_395,iter_396,iter_399,iter_390,iter_393,iter_394,pns_309,iter_391,pns_308,iter_392,pns_307,ratio_95,ratio_96,ratio_97,ratio_98,ratio_99,iter_386,iter_387,iter_384,iter_385,pns_u,iter_388,iter_389,ratio_90,iter_382,ratio_91,pns_l,iter_383,ratio_92,iter_380,ratio_93,iter_381,ratio_94,ratio_84,ratio_85,ratio_86,ratio_87,ratio_88,ratio_89,iter_375,ratio_700,iter_376,iter_373,iter_374,iter_379,ratio_704,ratio_703,iter_377,ratio_702,iter_378,ratio_701,ratio_708,ratio_707,ratio_706,ratio_705,iter_371,ratio_80,iter_372,ratio_81,ratio_82,iter_370,ratio_83,ratio_709,ratio_73,ratio_74,ratio_75,ratio_76,ratio_77,ratio_78,ratio_79,iter_364,pns_8,ratio_711,iter_365,pns_9,ratio_710,iter_362,pns_6,iter_363,pns_7,iter_368,pns_4,ratio_715,iter_369,pns_5,ratio_714,iter_366,pns_2,ratio_713,iter_367,pns_3,ratio_712,pns_0,ratio_719,pns_1,ratio_718,ratio_717,ratio_716,iter_360,iter_361,ratio_70,ratio_71,ratio_72,pns_399,pns_398,pns_397,pns_396,pns_395,pns_394,pns_393,pns_392,pns_391,pns_390,ratio_20,ratio_21,ratio_22,pns_389,ratio_23,pns_388,ratio_24,pns_387,ratio_25,pns_386,ratio_26,pns_385,ratio_27,pns_384,ratio_28,pns_383,ratio_29,pns_382,ratio_773,pns_381,ratio_772,pns_380,ratio_771,ratio_770,ratio_766,ratio_765,ratio_764,ratio_763,ratio_769,ratio_768,ratio_767,ratio_10,pns_379,ratio_11,pns_378,ratio_12,pns_377,ratio_13,pns_376,ratio_14,pns_375,ratio_15,ratio_780,pns_374,ratio_16,pns_373,ratio_17,pns_372,ratio_18,pns_371,ratio_19,ratio_784,pns_370,ratio_783,ratio_782,ratio_781,ratio_777,ratio_776,ratio_775,ratio_774,ratio_779,ratio_778,pns_369,pns_368,pns_367,pns_366,pns_365,pns_364,ratio_791,pns_363,ratio_790,pns_362,pns_361,pns_360,ratio_795,ratio_794,ratio_793,ratio_792,ratio_788,ratio_787,ratio_786,ratio_785,ratio_789,pns_359,pns_358,pns_357,pns_356,pns_355,pns_354,pns_353,pns_352,pns_351,pns_350,ratio_799,ratio_798,ratio_797,ratio_796,ll_129,ll_128,ll_121,ll_120,ll_123,ll_122,ll_125,ll_124,ll_127,ll_126,ll_118,ll_117,ll_119,ll_110,ll_112,ll_111,ll_114,ll_113,ll_116,ll_115,ll_107,ll_106,ll_109,ll_108,ll_101,ll_100,ll_103,ll_102,ll_105,ll_104,ll_161,ll_160,ll_163,ll_162,ll_165,ll_164,ll_167,ll_166,ll_169,ll_168,ll_150,ll_152,ll_151,ll_154,ll_153,ll_156,ll_155,ll_158,ll_157,ll_159,ll_141,ll_140,ll_143,ll_142,ll_145,ll_144,ll_147,ll_146,ll_149,ll_148,ll_130,ll_139,ll_132,ll_131,ll_134,ll_133,ll_136,ll_135,ll_138,ll_137,iter_317,iter_318,iter_315,iter_316,iter_319,iter_310,iter_313,iter_314,iter_311,iter_312,ll_190,ll_192,ll_191,ll_194,ll_193,ll_196,ll_195,iter_306,iter_307,iter_304,iter_305,iter_308,iter_309,iter_302,iter_303,iter_300,iter_301,ll_198,ll_197,ll_199,ll_181,ll_180,ll_183,ll_182,ll_185,iter_max,ll_184,ll_187,ll_186,ll_189,ll_188,ll_170,ll_172,ll_171,ll_174,ll_173,ll_176,ll_175,ll_178,ll_177,ll_179,pns_229,pns_228,pns_227,pns_226,pns_225,pns_224,pns_223,pns_222,pns_221,pns_220,iter_238,iter_239,iter_232,ratio_601,iter_233,ratio_600,iter_230,iter_231,iter_236,ratio_605,iter_237,ratio_604,iter_234,ratio_603,iter_235,ratio_602,ratio_609,ratio_608,ratio_607,ratio_606,pns_218,pns_217,pns_216,pns_215,pns_214,pns_213,pns_212,pns_211,iter_229,pns_210,iter_227,iter_228,iter_221,ratio_612,iter_222,ratio_611,ratio_610,iter_220,iter_225,ratio_616,iter_226,ratio_615,iter_223,ratio_614,iter_224,ratio_613,ratio_619,ratio_618,ratio_617,pns_219,pns_207,pns_206,pns_205,pns_204,pns_203,pns_202,pns_201,pns_200,iter_218,iter_219,iter_216,iter_217,ratio_630,iter_210,ratio_623,iter_211,ratio_622,ratio_621,ratio_620,iter_214,ratio_627,iter_215,ratio_626,iter_212,ratio_625,iter_213,ratio_624,ratio_629,ratio_628,pns_209,pns_208,iter_207,iter_208,iter_205,iter_206,ratio_641,ratio_640,iter_209,ratio_634,iter_200,ratio_633,ratio_632,ratio_631,iter_203,ratio_638,iter_204,ratio_637,iter_201,ratio_636,iter_202,ratio_635,ratio_639,iter_10,iter_11,iter_16,ll_918,iter_17,ll_917,iter_18,iter_19,ll_919,iter_12,iter_13,iter_14,iter_15,iter_276,ll_921,iter_277,ll_920,iter_274,ll_923,iter_275,ll_922,ll_925,ll_924,iter_278,ll_927,iter_279,ll_926,iter_272,iter_273,iter_270,iter_271,ll_907,ll_906,ll_909,ll_908,iter_265,ll_910,iter_266,iter_263,ll_912,iter_264,ll_911,iter_269,ll_914,ll_913,iter_267,ll_916,iter_268,ll_915,iter_261,iter_262,iter_260,iter_30,iter_31,iter_32,iter_33,iter_38,iter_39,iter_34,iter_35,iter_36,iter_37,iter_254,iter_255,iter_252,ll_901,iter_253,ll_900,iter_258,ll_903,iter_259,ll_902,iter_256,ll_905,iter_257,ll_904,iter_250,iter_251,iter_20,iter_21,iter_22,iter_27,iter_28,iter_29,iter_249,iter_23,iter_24,iter_25,iter_26,iter_243,iter_244,iter_241,iter_242,iter_247,iter_248,iter_245,iter_246,iter_240,iter_52,iter_53,iter_54,iter_55,iter_50,iter_51,ratio_692,ratio_691,ratio_690,iter_56,ratio_696,iter_57,ratio_695,iter_58,ratio_694,iter_59,ratio_693,ratio_689,ll_965,ratio_688,ll_964,ratio_687,ll_967,ratio_686,ll_966,ll_969,ll_968,ll_961,ll_960,ll_963,ll_962,iter_41,iter_42,iter_43,iter_44,iter_40,pns_299,iter_49,pns_298,pns_297,pns_296,pns_295,iter_45,pns_294,iter_46,pns_293,iter_47,pns_292,iter_48,pns_291,ll_954,ratio_699,ll_953,ratio_698,ll_956,ratio_697,ll_955,ll_958,ll_957,ll_959,ll_950,ll_952,ll_951,iter_74,iter_75,iter_76,iter_77,iter_70,iter_71,iter_72,pns_289,iter_73,pns_288,pns_287,pns_286,ll_939,pns_285,pns_284,iter_78,pns_283,iter_79,pns_282,pns_281,pns_280,iter_298,pns_290,ll_943,iter_299,ll_942,iter_296,ll_945,iter_297,ll_944,ll_947,ll_946,ll_949,ll_948,iter_290,iter_291,iter_80,iter_294,iter_295,iter_292,ll_941,iter_293,ll_940,iter_63,iter_64,iter_65,iter_66,iter_60,pns_279,iter_61,pns_278,iter_62,pns_277,pns_276,ll_929,pns_275,ll_928,pns_274,pns_273,iter_67,pns_272,iter_68,pns_271,iter_69,pns_270,iter_287,ll_932,iter_288,ll_931,iter_285,ll_934,iter_286,ll_933,ll_936,ll_935,iter_289,ll_938,ll_937,iter_280,iter_283,iter_284,iter_281,ll_930,iter_282,iter_96,iter_97,iter_98,iter_99,iter_92,pns_269,iter_93,pns_268,iter_94,pns_267,iter_95,pns_266,pns_265,pns_264,pns_263,threshold,pns_262,pns_261,ratio_652,pns_260,ratio_651,ratio_650,ratio_645,ratio_644,ratio_643,ratio_642,ratio_649,ratio_648,ratio_647,ratio_646,iter_85,iter_86,iter_87,iter_88,pns_259,iter_81,pns_258,iter_82,pns_257,iter_83,pns_256,iter_84,pns_255,pns_254,pns_253,pns_252,pns_251,iter_89,pns_250,ratio_663,ratio_662,ratio_661,ratio_660,ratio_656,ll_998,ratio_655,ll_997,ratio_654,ratio_653,ll_999,ratio_659,ratio_658,ratio_657,ll_990,iter_90,ll_992,iter_91,ll_991,ll_994,ll_993,ll_996,ll_995,pns_249,pns_248,pns_247,pns_246,pns_245,pns_244,pns_243,ratio_670,pns_242,pns_241,pns_240,ratio_674,ratio_673,ratio_672,ratio_671,ratio_667,ll_987,ratio_666,ll_986,ratio_665,ll_989,ratio_664,ll_988,ratio_669,ratio_668,ll_981,ll_980,ll_983,ll_982,ll_985,ll_984,pns_239,pns_238,pns_237,pns_236,pns_235,pns_234,pns_233,pns_232,ratio_681,pns_231,ratio_680,pns_230,ratio_685,ratio_684,ratio_683,ratio_682,ratio_678,ll_976,ratio_677,ll_975,ratio_676,ll_978,ratio_675,ll_977,ll_979,ratio_679,ll_970,ll_972,ll_971,ll_974,ll_973,trueState,ll_89,ll_90,ll_91,ll_96,ll_97,ll_98,ll_99,ll_92,ll_93,ll_94,ll_95,ll_78,ll_79,ll_80,ll_85,ll_86,ll_87,ll_88,ll_81,ll_82,ll_83,ll_84,ll_899,ll_898,ll_891,ll_890,ll_893,ll_892,ll_895,ll_894,ll_897,ll_896,pns_625,pns_624,pns_623,pns_622,pns_621,pns_620,iter_636,iter_637,iter_634,iter_635,iter_638,iter_639,iter_632,iter_633,iter_630,iter_631,pns_629,pns_628,pns_627,pns_626,pns_614,pns_613,pns_612,pns_611,pns_610,iter_625,iter_626,iter_623,iter_624,iter_629,iter_627,iter_628,iter_621,iter_622,iter_620,pns_619,pns_618,pns_617,pns_616,pns_615,pns_603,pns_602,pns_601,pns_600,iter_614,iter_615,iter_612,iter_613,iter_618,iter_619,iter_616,iter_617,iter_610,ratio_902,iter_611,ratio_901,ratio_900,ratio_906,ratio_905,pns_609,ratio_904,pns_608,ratio_903,pns_607,pns_606,ratio_909,pns_605,ratio_908,pns_604,ratio_907,iter_609,iter_603,iter_604,iter_601,iter_602,iter_607,iter_608,iter_605,iter_606,ratio_913,iter_600,ratio_912,ratio_911,ratio_910,ratio_917,ratio_916,ratio_915,ratio_914,ratio_919,ratio_918,iter_678,iter_679,iter_672,iter_673,iter_670,iter_671,iter_676,iter_677,iter_674,iter_675,iter_669,iter_667,iter_668,iter_661,iter_662,iter_660,iter_665,iter_666,iter_663,iter_664,iter_658,iter_659,iter_656,iter_657,iter_650,iter_651,iter_654,iter_655,iter_652,iter_653,iter_647,iter_648,iter_645,iter_646,iter_649,iter_640,iter_643,iter_644,iter_641,iter_642,pns_589,pns_588,pns_587,pns_586,pns_585,pns_584,pns_583,pns_582,pns_581,pns_580,ratio_971,ratio_970,iter_595,ratio_964,iter_596,ratio_963,iter_593,ratio_962,iter_594,ratio_961,iter_599,ratio_968,ratio_967,iter_597,ratio_966,iter_598,ratio_965,ratio_969,iter_591,iter_592,iter_590,pns_579,pns_578,pns_577,pns_576,pns_575,pns_574,pns_573,pns_572,pns_571,pns_570,ratio_982,ratio_981,ratio_980,iter_584,ratio_975,iter_585,ratio_974,iter_582,ratio_973,iter_583,ratio_972,iter_588,ratio_979,iter_589,ratio_978,iter_586,ratio_977,iter_587,ratio_976,iter_580,iter_581,pns_569,pns_568,pns_567,pns_566,pns_565,pns_564,pns_563,pns_562,pns_561,iter_579,pns_560,ratio_993,ratio_992,ratio_991,ratio_990,iter_573,ratio_986,iter_574,ratio_985,iter_571,ratio_984,iter_572,ratio_983,iter_577,iter_578,ratio_989,iter_575,ratio_988,iter_576,ratio_987,iter_570,pns_559,pns_558,pns_557,pns_556,pns_555,pns_554,pns_553,pns_552,pns_551,pns_550,iter_568,iter_569,iter_562,ratio_997,iter_563,ratio_996,iter_560,ratio_995,iter_561,ratio_994,iter_566,iter_567,iter_564,ratio_999,iter_565,ratio_998,pns_548,pns_547,pns_546,pns_545,pns_544,pns_543,pns_542,pns_541,pns_540,ratio_920,ll_800,ll_802,ll_801,ratio_924,ll_804,ratio_923,ll_803,ratio_922,ll_806,ratio_921,ll_805,ratio_928,ratio_927,ratio_926,ratio_925,pns_549,ratio_929,pns_537,pns_536,pns_535,pns_534,pns_533,pns_532,pns_531,pns_530,ratio_931,ratio_930,ratio_935,ratio_934,ratio_933,ratio_932,ratio_939,ratio_938,ratio_937,ratio_936,pns_539,pns_538,pns_526,pns_525,pns_524,pns_523,pns_522,pns_521,pns_520,ratio_942,ratio_941,ratio_940,ratio_946,ratio_945,ratio_944,ratio_943,ratio_949,ratio_948,ratio_947,pns_529,pns_528,pns_527,pns_515,pns_514,pns_513,pns_512,pns_511,pns_510,ratio_960,ratio_953,ratio_952,ratio_951,ratio_950,ratio_957,ratio_956,ratio_955,ratio_954,ratio_959,ratio_958,pns_519,pns_518,pns_517,pns_516,ll_844,ll_843,ll_846,ll_845,ll_848,ll_847,ll_849,ll_10,ll_11,ll_840,ll_842,ll_841,ll_829,ratio_102,ratio_101,ratio_100,ll_833,ll_832,ll_835,ll_834,ll_837,ll_836,ll_839,ll_838,ll_831,ll_830,ll_27,ll_28,ll_29,ll_23,ll_24,ll_25,ll_26,ll_819,ll_818,ratio_113,ratio_112,ratio_111,ratio_110,ratio_106,ll_822,ratio_105,ll_821,ratio_104,ll_824,ratio_103,ll_823,ll_826,ratio_109,ll_825,ratio_108,ll_828,ratio_107,ll_827,ll_30,ll_31,ll_32,ll_33,ll_820,ll_16,ll_17,ll_18,ll_19,ll_12,ll_13,ll_14,ll_15,ratio_120,ll_808,ll_807,ll_809,ratio_124,ratio_123,ratio_122,ratio_121,ratio_117,ll_811,ratio_116,ll_810,ratio_115,ll_813,ratio_114,ll_812,ll_815,ll_814,ratio_119,ll_817,ratio_118,ll_816,ll_20,ll_21,ll_22,ll_49,ll_45,ll_46,ll_47,ll_48,ll_888,ll_887,ll_889,ll_52,ll_880,ll_53,ll_54,ll_882,ll_55,ll_881,ll_884,ll_883,ll_50,ll_886,ll_51,ll_885,ll_38,ll_39,ll_34,ll_35,ll_36,ll_37,ll_877,ll_876,ll_879,ll_878,effect,ll_41,ll_42,ll_43,ll_871,ll_44,ll_870,ll_873,ll_872,ll_875,ll_40,ll_874,ll_67,ll_68,ll_69,ll_866,ll_865,ll_868,ll_867,ll_869,ll_74,ll_75,ll_76,ll_860,ll_77,ll_70,ll_862,ll_71,ll_861,ll_72,ll_864,ll_73,ll_863,pns_599,ll_56,pns_598,ll_57,pns_597,ll_58,pns_596,ll_59,pns_595,pns_594,pns_593,pns_592,pns_591,pns_590,ll_855,ll_854,ll_857,ll_856,ll_859,ll_858,ll_63,ll_64,ll_65,ll_66,ll_851,ll_60,ll_850,ll_61,ll_853,ll_62,ll_852,ll_790,ll_799,ll_792,ll_791,ll_794,ll_793,ll_796,ll_795,ll_798,ll_797,ll_789,ll_788,ll_781,ll_780,ll_783,ll_782,ll_785,ll_784,ll_787,ll_786,ll_778,ll_777,ll_779,ll_770,ll_772,ll_771,ll_774,ll_773,ll_776,ll_775,pns_504,pns_503,pns_502,pns_501,pns_500,iter_515,iter_516,iter_513,iter_514,iter_519,iter_517,iter_518,iter_511,iter_512,iter_510,pns_509,pns_508,pns_507,pns_506,pns_505,iter_504,iter_505,iter_502,iter_503,iter_508,iter_509,iter_506,iter_507,iter_500,iter_501,iter_559,iter_557,iter_558,iter_551,iter_552,iter_550,iter_555,iter_556,iter_553,iter_554,iter_548,iter_549,iter_546,iter_547,iter_540,iter_541,iter_544,iter_545,iter_542,iter_543,iter_537,iter_538,iter_535,iter_536,iter_539,iter_530,iter_533,iter_534,iter_531,iter_532,iter_526,iter_527,iter_524,iter_525,iter_528,iter_529,iter_522,iter_523,iter_520,iter_521,pns_469,pns_468,pns_467,pns_466,pns_465,pns_464,pns_463,pns_462,pns_461,pns_460,ratio_850,iter_474,ratio_843,iter_475,ratio_842,iter_472,ratio_841,iter_473,ratio_840,iter_478,ratio_847,iter_479,ratio_846,iter_476,ratio_845,iter_477,ratio_844,ratio_849,ratio_848,iter_470,iter_471,pns_459,pns_458,pns_457,pns_456,pns_455,pns_454,pns_453,pns_452,pns_451,iter_469,pns_450,ratio_861,ratio_860,iter_463,ratio_854,iter_464,ratio_853,iter_461,ratio_852,iter_462,ratio_851,iter_467,ratio_858,iter_468,ratio_857,iter_465,ratio_856,iter_466,ratio_855,ratio_859,iter_460,pns_449,pns_448,pns_447,pns_446,pns_445,pns_444,pns_443,pns_442,pns_441,pns_440,iter_458,iter_459,ratio_872,ratio_871,ratio_870,iter_452,ratio_865,iter_453,ratio_864,iter_450,ratio_863,iter_451,ratio_862,iter_456,ratio_869,iter_457,ratio_868,iter_454,ratio_867,iter_455,ratio_866,pns_438,pns_437,pns_436,pns_435,pns_434,pns_433,pns_432,pns_431,iter_449,pns_430,iter_447,iter_448,ratio_883,ratio_882,ratio_881,ratio_880,iter_441,ratio_876,iter_442,ratio_875,ratio_874,iter_440,ratio_873,iter_445,iter_446,ratio_879,iter_443,ratio_878,iter_444,ratio_877,pns_439,pns_427,pns_426,pns_425,pns_424,pns_423,pns_422,pns_421,pns_420,ratio_803,ratio_802,ratio_801,ratio_800,ratio_807,ratio_806,ratio_805,ratio_804,pns_429,ratio_809,pns_428,ratio_808,pns_416,pns_415,pns_414,pns_413,pns_412,pns_411,pns_410,ratio_810,ratio_814,ratio_813,ratio_812,ratio_811,ratio_818,ratio_817,ratio_816,ratio_815,pns_419,pns_418,pns_417,ratio_819,pns_405,pns_404,pns_403,pns_402,pns_401,pns_400,iter_496,ratio_821,iter_497,ratio_820,iter_494,iter_495,ratio_825,ratio_824,iter_498,ratio_823,iter_499,ratio_822,ratio_829,ratio_828,ratio_827,ratio_826,iter_492,pns_409,iter_493,pns_408,iter_490,pns_407,iter_491,pns_406,iter_485,ratio_832,iter_486,ratio_831,iter_483,ratio_830,iter_484,iter_489,ratio_836,ratio_835,iter_487,ratio_834,iter_488,ratio_833,ratio_839,ratio_838,ratio_837,iter_481,iter_482,iter_480,ll_719,ll_723,ll_722,ll_725,ll_724,ll_727,ll_726,ll_729,ll_728,ll_721,ll_720,method,ll_709,ll_708,ll_712,ll_711,ll_714,ll_713,ll_716,ll_715,ll_718,ll_717,exact,ll_710,ll_701,ll_700,ll_703,ll_702,ll_705,ll_704,ll_707,ll_706,ratio_890,ratio_894,ratio_893,ratio_892,ratio_891,ratio_887,ll_767,ratio_886,ll_766,ratio_885,ll_769,ratio_884,ll_768,ratio_889,ratio_888,ll_761,ll_760,ll_763,ll_762,ll_765,ll_764,pns_499,pns_498,pns_497,pns_496,pns_495,pns_494,pns_493,pns_492,pns_491,pns_490,ratio_898,ll_756,ratio_897,ll_755,ratio_896,ll_758,ratio_895,ll_757,ll_759,ratio_899,ll_750,ll_752,ll_751,ll_754,ll_753,pns_489,pns_488,pns_487,pns_486,pns_485,pns_484,pns_483,pns_482,pns_481,pns_480,ll_745,ll_744,ll_747,ll_746,ll_749,ll_748,ll_741,ll_740,ll_743,ll_742,pns_479,pns_478,pns_477,pns_476,pns_475,pns_474,pns_473,pns_472,pns_471,pns_470,ll_734,ll_733,ll_736,ll_735,ll_738,ll_737,ll_739,ll_730,ll_732,ll_731,ratio_292,ratio_291,ratio_290,ll_680,ratio_296,ratio_295,ratio_294,ratio_293,ratio_299,ratio_298,ratio_297,ll_689,ll_682,ll_681,ll_684,ll_683,ll_686,ll_685,ll_688,ll_687,ll_679,ll_678,ll_671,ll_670,ll_673,ll_672,ll_675,ll_674,ll_677,ll_676,ll_668,ll_667,ll_669,ll_660,ll_662,ll_661,ll_664,ll_663,ll_666,ll_665,ll_657,ll_656,ll_659,ll_658,ll_651,ll_650,ll_653,ll_652,ll_655,ll_654,iter_834,ratio_252,iter_835,ratio_251,iter_832,ratio_250,iter_833,iter_838,ratio_256,iter_839,ratio_255,iter_836,ratio_254,iter_837,ratio_253,ratio_249,ratio_248,ratio_247,ratio_246,iter_830,iter_831,iter_829,iter_823,ratio_263,iter_824,ratio_262,iter_821,ratio_261,iter_822,ratio_260,iter_827,ratio_267,iter_828,ratio_266,iter_825,ratio_265,iter_826,ratio_264,ratio_259,ratio_258,ratio_257,iter_820,iter_818,iter_819,ratio_270,iter_812,ratio_274,iter_813,ratio_273,iter_810,ratio_272,iter_811,ratio_271,iter_816,ratio_278,iter_817,ratio_277,iter_814,ratio_276,iter_815,ratio_275,ratio_269,ratio_268,iter_809,iter_807,iter_808,ratio_281,ratio_280,ll_691,ll_690,iter_801,ratio_285,iter_802,ratio_284,ratio_283,iter_800,ratio_282,iter_805,ratio_289,iter_806,ratio_288,iter_803,ratio_287,iter_804,ratio_286,ratio_279,ll_693,ll_692,ll_695,ll_694,ll_697,ll_696,ll_699,ll_698,pns_867,pns_866,pns_865,pns_864,pns_863,pns_862,pns_861,pns_860,iter_878,iter_879,iter_876,iter_877,iter_870,iter_871,iter_874,iter_875,iter_872,iter_873,pns_869,pns_868,pns_856,pns_855,pns_854,pns_853,pns_852,pns_851,pns_850,iter_867,iter_868,iter_865,iter_866,iter_869,iter_860,iter_863,iter_864,iter_861,iter_862,pns_859,pns_858,pns_857,pns_845,pns_844,pns_843,pns_842,pns_841,pns_840,iter_856,iter_857,iter_854,iter_855,iter_858,iter_859,iter_852,iter_853,iter_850,iter_851,pns_849,pns_848,pns_847,pns_846,pns_834,pns_833,pns_832,pns_831,pns_830,iter_845,iter_846,iter_843,iter_844,iter_849,iter_847,iter_848,iter_841,iter_842,iter_840,pns_839,pns_838,pns_837,pns_836,pns_835,pns_823,pns_822,pns_821,pns_820,pns_829,pns_828,pns_827,pns_826,pns_825,pns_824,pns_812,pns_811,pns_810,pns_819,pns_818,pns_817,pns_816,pns_815,pns_814,pns_813,pns_801,pns_800,cause,iter_898,iter_899,iter_892,iter_893,iter_890,iter_891,iter_896,iter_897,iter_894,iter_895,pns_809,pns_808,pns_807,pns_806,pns_805,pns_804,pns_803,pns_802,iter_889,iter_887,iter_888,iter_881,iter_882,iter_880,iter_885,iter_886,iter_883,iter_884,pns_799,pns_798,pns_797,pns_796,pns_795,pns_794,pns_793,pns_792,pns_791,pns_790,pns_789,pns_788,pns_787,pns_786,pns_785,pns_784,pns_783,pns_782,pns_781,pns_780,pns_779,pns_778,pns_777,pns_776,pns_775,pns_774,pns_773,pns_772,pns_771,pns_770,pns_768,pns_767,pns_766,pns_765,pns_764,pns_763,pns_762,pns_761,pns_760,pns_769,pns_757,pns_756,pns_755,pns_754,pns_753,pns_752,pns_751,pns_750,pns_759,pns_758,ratio_333,ratio_332,ratio_331,ratio_330,ratio_326,ll_602,ratio_325,ll_601,ratio_324,ll_604,ratio_323,ll_603,ll_606,ratio_329,ll_605,ratio_328,ll_608,ratio_327,ll_607,ll_600,ratio_340,ratio_344,ratio_343,ratio_342,ratio_341,ratio_337,ratio_336,ratio_335,ratio_334,ratio_339,ratio_338,ratio_351,ratio_350,ratio_355,ratio_354,ratio_353,ratio_352,ratio_348,ratio_347,ratio_346,ratio_345,ratio_349,ratio_362,ratio_361,ratio_360,ratio_366,ratio_365,ratio_364,ratio_363,ratio_359,ratio_358,ratio_357,ratio_356,ll_646,ll_645,ll_648,ll_647,falseState,ll_649,ll_640,ll_642,ll_641,ll_644,ll_643,ratio_300,ll_635,ll_634,ll_637,ll_636,ll_639,ll_638,ll_631,ll_630,ll_633,ll_632,ratio_311,ratio_310,ratio_304,ll_624,ratio_303,ll_623,ratio_302,ll_626,ratio_301,ll_625,ratio_308,ll_628,ratio_307,ll_627,ratio_306,ratio_305,ll_629,ratio_309,ll_620,ll_622,ll_621,ll_609,ratio_322,ratio_321,ratio_320,ratio_315,ll_613,ratio_314,ll_612,ratio_313,ll_615,ratio_312,ll_614,ratio_319,ll_617,ratio_318,ll_616,ratio_317,ll_619,ratio_316,ll_618,ll_611,ll_610,pns_91,pns_92,pns_90,pns_95,ratio_171,pns_96,ratio_170,pns_93,pns_94,pns_99,ratio_175,ratio_174,pns_97,ratio_173,pns_98,ratio_172,ratio_179,ratio_178,ratio_177,ratio_176,ll_569,ll_568,ratio_169,ll_561,ll_560,ll_563,ll_562,ll_565,ll_564,ll_567,ll_566,pns_80,pns_81,pns_84,ratio_182,pns_85,ratio_181,pns_82,ratio_180,pns_83,pns_88,ratio_186,pns_89,ratio_185,pns_86,ratio_184,pns_87,ratio_183,ratio_189,ratio_188,ratio_187,ll_558,ll_557,ll_559,ll_550,ll_552,ll_551,ll_554,ll_553,ll_556,ll_555,pns_70,pns_73,ratio_193,pns_74,ratio_192,pns_71,ratio_191,pns_72,ratio_190,pns_77,ratio_197,pns_78,ratio_196,pns_75,ratio_195,pns_76,ratio_194,pns_79,ratio_199,ratio_198,ll_547,ll_546,ll_549,ll_548,ll_541,ll_540,ll_543,ll_542,ll_545,ll_544,pns_62,pns_63,pns_60,pns_61,pns_66,pns_67,pns_64,pns_65,pns_68,pns_69,ll_536,ll_535,ll_538,ll_537,ll_539,ll_530,ll_532,ll_531,ll_534,ll_533,iter_719,iter_713,ratio_131,iter_714,ratio_130,iter_711,iter_712,iter_717,ratio_135,iter_718,ratio_134,iter_715,ratio_133,iter_716,ratio_132,ratio_128,ratio_127,ratio_126,ratio_125,iter_710,ratio_129,iter_708,iter_709,ll_590,ll_592,ll_591,iter_702,ratio_142,iter_703,ratio_141,iter_700,ratio_140,iter_701,iter_706,ratio_146,iter_707,ratio_145,iter_704,ratio_144,iter_705,ratio_143,ratio_139,ratio_138,ratio_137,ratio_136,ll_594,ll_593,ll_596,ll_595,ll_598,ll_597,ll_599,ll_581,ll_580,ratio_153,ratio_152,ratio_151,ratio_150,ratio_157,ratio_156,ratio_155,ratio_154,ratio_149,ratio_148,ratio_147,ll_583,ll_582,ll_585,ll_584,ll_587,ll_586,ll_589,ll_588,ratio_160,ll_570,ratio_164,ratio_163,ratio_162,ratio_161,ratio_168,ratio_167,ratio_166,ratio_165,ll_579,ratio_159,ratio_158,ll_572,ll_571,ll_574,ll_573,ll_576,ll_575,ll_578,ll_577,pns_746,pns_745,pns_744,pns_743,pns_742,pns_741,pns_740,iter_757,pns_11,iter_758,pns_12,iter_755,iter_756,pns_10,pns_15,pns_16,iter_759,pns_13,pns_14,pns_19,iter_750,pns_17,pns_18,iter_753,iter_754,iter_751,iter_752,time_learn,pns_749,pns_748,pns_747,pns_735,pns_734,pns_733,pns_732,pns_731,pns_730,iter_746,iter_747,iter_744,iter_745,iter_748,iter_749,iter_742,iter_743,iter_740,iter_741,pns_739,pns_738,pns_737,pns_736,pns_724,pns_723,pns_722,pns_721,pns_720,iter_735,iter_736,iter_733,iter_734,iter_739,iter_737,iter_738,iter_731,iter_732,iter_730,pns_729,pns_728,pns_727,pns_726,pns_725,pns_713,pns_712,pns_711,pns_710,iter_724,iter_725,iter_722,iter_723,iter_728,iter_729,iter_726,iter_727,iter_720,iter_721,pns_719,pns_718,pns_717,pns_716,pns_715,pns_714,pns_702,pns_701,pns_700,pns_51,pns_52,pns_50,pns_55,pns_56,iter_799,pns_53,pns_54,pns_59,pns_57,pns_58,iter_793,iter_794,iter_791,iter_792,iter_797,iter_798,iter_795,iter_796,pns_709,pns_708,pns_707,pns_706,iter_790,pns_705,pns_704,pns_703,pns_40,pns_41,pns_44,pns_45,iter_788,pns_42,iter_789,pns_43,pns_48,pns_49,pns_46,pns_47,iter_782,iter_783,iter_780,iter_781,iter_786,iter_787,iter_784,iter_785,pns_30,iter_779,pns_33,pns_34,iter_777,pns_31,iter_778,pns_32,pns_37,pns_38,pns_35,pns_36,iter_771,iter_772,pns_39,iter_770,iter_775,iter_776,iter_773,iter_774,iter_768,pns_22,iter_769,pns_23,iter_766,pns_20,iter_767,pns_21,pns_26,pns_27,pns_24,pns_25,iter_760,iter_761,pns_28,pns_29,iter_764,iter_765,iter_762,iter_763,pns_699,pns_698,pns_697,pns_696,pns_695,pns_694,pns_693,pns_692,pns_691,pns_690,pns_689,pns_688,pns_687,pns_686,pns_685,pns_684,pns_683,pns_682,pns_681,pns_680,iter_694,iter_695,iter_692,iter_693,iter_698,iter_699,iter_696,iter_697,iter_690,iter_691,pns_679,pns_678,pns_677,pns_676,pns_675,pns_674,pns_673,pns_672,pns_671,iter_689,pns_670,iter_683,iter_684,iter_681,iter_682,iter_687,iter_688,iter_685,iter_686,iter_680,pns_669,pns_668,pns_667,pns_666,pns_665,pns_664,pns_663,pns_662,pns_661,pns_660,pns_658,pns_657,pns_656,pns_655,pns_654,pns_653,pns_652,pns_651,pns_650,pns_659,pns_647,pns_646,pns_645,pns_644,pns_643,pns_642,pns_641,pns_640,pns_649,pns_648,pns_636,pns_635,pns_634,pns_633,pns_632,pns_631,pns_630,pns_639,pns_638,pns_637,ratio_212,ratio_211,ratio_210,ratio_205,ratio_204,ratio_203,ratio_202,ratio_209,ratio_208,ratio_207,ratio_206,modelID,ratio_223,ratio_222,ratio_221,ratio_220,ratio_216,ratio_215,ratio_214,ratio_213,ratio_219,ratio_218,ratio_217,ratio_230,ratio_234,ratio_233,ratio_232,ratio_231,ratio_227,ratio_226,ratio_225,ratio_224,ratio_229,ratio_228,ratio_241,ratio_240,ratio_245,ratio_244,ratio_243,ratio_242,ratio_238,ratio_237,ratio_236,ratio_235,ratio_239,ll_525,ll_524,ll_527,ll_526,ll_529,ll_528,ll_521,ll_520,ll_523,ll_522,ll_514,ll_513,ll_516,ll_515,ll_518,ll_517,ll_519,ll_510,ll_512,ll_511,ll_503,ll_502,ll_505,ll_504,ll_507,ll_506,ll_509,ll_508,ll_501,ll_500,ratio_201,ratio_200,ll_448,ll_447,ll_449,ll_440,ll_442,ll_441,ll_444,ll_443,ll_446,ll_445,ll_437,ll_436,ll_439,ll_438,ll_431,ll_430,ll_433,ll_432,ll_435,ll_434,ll_426,ll_425,ll_428,ll_427,ll_429,ll_420,ll_422,ll_421,ll_424,ll_423,ll_415,ll_414,ll_417,ll_416,ll_419,ll_418,ll_411,ll_410,ll_413,ll_412,ratio_490,ll_480,ll_482,ll_481,ratio_494,ratio_493,ratio_492,ratio_491,ratio_498,ratio_497,ratio_496,ratio_495,ratio_489,ratio_488,ll_484,ll_483,ll_486,ll_485,ll_488,ll_487,ll_489,ll_471,ll_470,ratio_499,ll_473,ll_472,ll_475,ll_474,ll_477,ll_476,ll_479,ll_478,ll_460,ll_469,ll_462,ll_461,ll_464,ll_463,ll_466,ll_465,ll_468,ll_467,pns_199,pns_198,pns_197,pns_196,pns_195,pns_194,pns_193,pns_192,ll_459,ll_458,ll_451,ll_450,ll_453,ll_452,ll_455,ll_454,ll_457,ll_456,ll_1,ll_2,ll_0,ll_5,ll_6,ll_3,ll_4,ll_9,ll_7,ll_8,ll_491,ll_490,ll_493,ll_492,iter_9,iter_8,iter_7,iter_6,iter_5,iter_4,iter_3,iter_2,iter_1,iter_0,ll_495,ll_494,ll_497,ll_496,ll_499,ll_498,pns_108,pns_107,pns_106,pns_105,pns_104,pns_103,pns_102,pns_101,iter_119,pns_100,iter_117,iter_118,iter_111,iter_112,iter_110,iter_115,iter_116,iter_113,iter_114,pns_109,iter_108,iter_109,iter_106,iter_107,iter_100,iter_101,iter_104,iter_105,iter_102,iter_103,ratio_502,ratio_501,ratio_500,ratio_506,ratio_505,ratio_504,ratio_503,ratio_509,ratio_508,ratio_507,ratio_520,ratio_513,ratio_512,ratio_511,ratio_510,ratio_517,ratio_516,ratio_515,ratio_514,ratio_519,ratio_518,iter_155,iter_156,iter_153,iter_154,iter_159,iter_157,iter_158,iter_151,iter_152,iter_150,iter_144,iter_145,iter_142,iter_143,iter_148,iter_149,iter_146,iter_147,iter_140,iter_141,iter_139,iter_133,iter_134,iter_131,iter_132,iter_137,iter_138,iter_135,iter_136,iter_130,pns_999,pns_998,pns_997,pns_996,pns_995,pns_994,pns_993,pns_992,pns_991,pns_990,iter_128,iter_129,iter_122,iter_123,iter_120,iter_121,iter_126,iter_127,iter_124,iter_125,pns_189,pns_188,ratio_571,pns_187,ratio_570,pns_186,pns_185,pns_184,ratio_575,pns_183,ratio_574,pns_182,ratio_573,pns_181,ratio_572,iter_199,pns_191,ratio_568,pns_190,ratio_567,iter_197,ratio_566,iter_198,ratio_565,ratio_569,iter_191,iter_192,iter_190,iter_195,iter_196,iter_193,iter_194,pns_179,pns_178,pns_177,ratio_582,pns_176,ratio_581,pns_175,ratio_580,pns_174,pns_173,ratio_586,pns_172,ratio_585,pns_171,ratio_584,pns_170,ratio_583,iter_188,pns_180,ratio_579,iter_189,ratio_578,iter_186,ratio_577,iter_187,ratio_576,iter_180,iter_181,iter_184,iter_185,iter_182,iter_183,pns_169,pns_168,pns_167,pns_166,ratio_593,pns_165,ratio_592,pns_164,ratio_591,pns_163,ratio_590,pns_162,ratio_597,pns_161,ratio_596,pns_160,ratio_595,ratio_594,iter_177,iter_178,ratio_589,iter_175,ratio_588,iter_176,ratio_587,iter_179,iter_170,iter_173,iter_174,iter_171,iter_172,pns_159,pns_158,pns_157,pns_156,pns_155,pns_154,pns_153,pns_152,pns_151,pns_150,iter_166,iter_167,iter_164,ratio_599,iter_165,ratio_598,iter_168,iter_169,iter_162,iter_163,iter_160,iter_161,pns_149,pns_148,pns_147,pns_146,pns_145,pns_144,pns_143,pns_142,pns_141,pns_140,ratio_531,ratio_530,ratio_524,ll_404,ratio_523,ll_403,ratio_522,ll_406,ratio_521,ll_405,ratio_528,ll_408,ratio_527,ll_407,ratio_526,ratio_525,ll_409,ratio_529,ll_400,ll_402,ll_401,pns_139,pns_138,pns_137,pns_136,pns_135,pns_134,pns_133,pns_132,pns_131,pns_130,ratio_542,ratio_541,ratio_540,ratio_535,ratio_534,ratio_533,ratio_532,ratio_539,ratio_538,ratio_537,ratio_536,pns_129,pns_128,pns_127,pns_126,pns_125,pns_124,pns_123,pns_122,pns_121,pns_120,ratio_553,ratio_552,ratio_551,ratio_550,ratio_546,ratio_545,ratio_544,ratio_543,ratio_549,ratio_548,ratio_547,pns_119,pns_118,pns_117,pns_116,pns_115,pns_114,pns_113,pns_112,pns_111,ratio_560,pns_110,ratio_564,ratio_563,ratio_562,ratio_561,ratio_557,ratio_556,ratio_555,ratio_554,ratio_559,ratio_558,iter_919,pns_900,iter_917,iter_918,iter_911,iter_912,iter_910,iter_915,iter_916,iter_913,iter_914,ll_327,ll_326,ll_329,ll_328,pns_909,pns_908,pns_907,pns_906,ll_321,pns_905,ll_320,pns_904,ll_323,pns_903,ll_322,pns_902,ll_325,pns_901,ll_324,iter_908,iter_909,iter_906,iter_907,iter_900,iter_901,iter_904,iter_905,iter_902,iter_903,ll_316,ll_315,ll_318,ll_317,ll_319,ll_310,ll_312,ll_311,ll_314,ll_313,ll_max,ll_305,ll_304,ll_307,ll_306,ll_309,ll_308,ll_301,ll_300,ll_303,ll_302,ll_361,ll_360,iter_955,ratio_373,iter_956,ratio_372,iter_953,ratio_371,iter_954,ratio_370,iter_959,ratio_377,ratio_376,iter_957,ratio_375,iter_958,ratio_374,ratio_369,ratio_368,ratio_367,iter_951,iter_952,iter_950,ll_363,ll_362,ll_365,ll_364,ll_367,ll_366,ll_369,ll_368,ratio_380,ll_350,iter_944,ratio_384,iter_945,ratio_383,iter_942,ratio_382,iter_943,ratio_381,iter_948,ratio_388,iter_949,ratio_387,iter_946,ratio_386,iter_947,ratio_385,ll_359,ratio_379,ratio_378,iter_940,iter_941,ll_352,ll_351,ll_354,ll_353,ll_356,ll_355,ll_358,ll_357,iter_939,ratio_391,ratio_390,iter_933,ratio_395,iter_934,ratio_394,iter_931,ratio_393,iter_932,ratio_392,iter_937,ratio_399,iter_938,ratio_398,iter_935,ratio_397,iter_936,ratio_396,ll_349,ll_348,ratio_389,iter_930,ll_341,ll_340,ll_343,ll_342,ll_345,ll_344,ll_347,ll_346,iter_928,iter_929,iter_922,iter_923,iter_920,iter_921,iter_926,iter_927,iter_924,iter_925,ll_338,ll_337,ll_339,ll_330,ll_332,ll_331,ll_334,ll_333,ll_336,ll_335,pns_988,pns_987,pns_986,pns_985,pns_984,pns_983,pns_982,pns_981,iter_999,pns_980,iter_997,iter_998,iter_991,iter_992,iter_990,iter_995,iter_996,iter_993,iter_994,pns_989,pns_977,pns_976,pns_975,ll_390,pns_974,pns_973,ll_392,pns_972,ll_391,pns_971,ll_394,pns_970,ll_393,iter_988,iter_989,iter_986,iter_987,iter_980,iter_981,iter_984,iter_985,iter_982,iter_983,ll_396,ll_395,ll_398,ll_397,ll_399,pns_979,pns_978,pns_966,pns_965,pns_964,pns_963,pns_962,ll_381,pns_961,ll_380,pns_960,ll_383,ll_382,iter_977,iter_978,iter_975,iter_976,iter_979,iter_970,iter_973,iter_974,iter_971,iter_972,ll_385,ll_384,ll_387,ll_386,ll_389,pns_969,ll_388,pns_968,pns_967,pns_955,pns_954,pns_953,pns_952,pns_951,ll_370,pns_950,ll_372,ll_371,iter_966,iter_967,iter_964,iter_965,iter_968,iter_969,iter_962,iter_963,iter_960,iter_961,ll_374,ll_373,ll_376,ll_375,pns_959,ll_378,pns_958,ll_377,pns_957,pns_956,ll_379,pns_944,pns_943,pns_942,pns_941,pns_940,pns_949,pns_948,pns_947,pns_946,pns_945,pns_933,pns_932,pns_931,pns_930,pns_939,pns_938,pns_937,pns_936,pns_935,pns_934,pns_922,pns_921,pns_920,pns_929,pns_928,pns_927,pns_926,pns_925,pns_924,pns_923,pns_911,pns_910,pns_919,pns_918,pns_917,pns_916,pns_915,pns_914,pns_913,pns_912,ratio_0,ratio_1,ratio_2,ratio_3,pns_899,pns_898,pns_897,pns_896,pns_895,pns_894,pns_893,pns_892,pns_891,pns_890,pns_889,pns_888,pns_887,pns_886,pns_885,pns_884,pns_883,pns_882,modelPath,pns_881,pns_880,pns_878,pns_877,pns_876,pns_875,pns_874,pns_873,pns_872,pns_871,pns_870,pns_879,ratio_450,ratio_454,ratio_453,ratio_452,ratio_451,ratio_447,ratio_446,ratio_445,ratio_444,ratio_449,ratio_448,ratio_461,ratio_460,ratio_465,ratio_464,ratio_463,ratio_462,ratio_458,ratio_457,ratio_456,ratio_455,ratio_459,ratio_472,ratio_471,ratio_470,ratio_476,ratio_475,ratio_474,ratio_473,ratio_469,ratio_468,ratio_467,ratio_466,ratio_483,ratio_482,infoPath,ratio_481,ratio_480,ratio_487,ratio_486,ratio_485,ratio_484,ratio_479,ratio_478,ratio_477,ratio_410,ratio_403,ratio_402,ratio_401,ratio_400,ratio_407,ratio_406,ratio_405,ratio_404,ratio_409,ratio_408,ratio_4,ratio_5,ratio_6,ratio_7,ratio_8,ratio_9,ratio_421,ratio_420,ratio_414,ratio_413,ratio_412,ratio_411,ratio_418,ratio_417,ratio_416,ratio_415,ratio_419,ratio_432,ratio_431,ratio_430,ratio_425,ratio_424,ratio_423,ratio_422,ratio_429,ratio_428,ratio_427,ratio_426,ratio_443,ratio_442,ratio_441,ratio_440,ratio_436,ratio_435,ratio_434,ratio_433,ratio_439,ratio_438,ratio_437
-2030.281616906891,-2029.8877254686568,-2030.300094235919,-2030.2076504584459,-2030.185321840704,-2030.217755172316,1000,-2029.977620225076,-2030.4133395006033,-2029.8584767081184,-2030.7695966583617,/mnt/beegfs/rcabanas/dev/credici/papers/journalEM/output/synthetic/s12/random_mc2_n5_mid3_d1000_05_mr098_r10_72_uai_ccve.csv,-2029.9097280093258,-2030.8642077156846,-2030.3652259368043,KL,-2030.3569357543543,-2030.447227777871,-2030.398413515899,-2030.318834956814,-2030.3482843576548,-2030.5416767933611,-2030.6087189932355,-2031.9192962949087,-2030.578312538505,-2030.3401143343312,-2030.6225344218783,-2030.688859939324,-2030.3183256186937,-2030.3609063630458,-2029.9133556840375,-2030.2299653691657,-2031.0355101996267,-2030.4988181497467,-2030.446567905628,-2030.4712361017148,-2030.3602219777476,-2030.2376977744025,-2030.1845802141625,-2030.5857227620713,-2031.0833657205933,-2030.2069667837584,-2030.630528839758,-2030.676509274129,-2030.2640995314168,-2030.7180979664975,-2030.230564632548,-2030.2179402750528,-2030.2656971768515,-2030.5382757927996,-2030.2105885252568,-2030.456787404986,-2030.2996639863331,-2030.2203420637302,-2030.4113403315205,-2030.3968339197484,-2030.3383540057694,-2030.4258362710916,-2030.2705295675207,-2030.669234283661,-2031.0182564175475,-2030.2746291624835,-2030.5169090754373,-2030.2974069974457,-2030.3686310040143,-2030.545009552824,-2029.8758005128414,-2030.2521764677963,-2030.50652124907,-2030.1856387774183,-2030.6769442679372,-2030.476996465501,-2030.373732862179,-2030.6178155123935,-2030.2383187258847,-2030.3879533020677,-2030.2773853997064,-2030.3150405604406,-2030.7332177543626,-2030.4253850916048,-2030.2117150373465,-2030.3771552807134,-2030.375903229052,-2030.3243060011596,-2030.2431127732848,-2030.0309316044938,-2030.5671732110961,-2030.3120183113047,-2030.7858828403978,-2030.6590146909912,-2032.7362023410474,-2030.2995724709988,-2030.921831621718,11,12,16,10,20,19,18,16,5,14,16,10,13,8,17,12,18,13,21,17,7,19,20,15,17,12,4,17,15,17,-2030.511564389506,-2030.3000293747448,-2030.3675034059925,-2032.2028313654725,-2030.5184285553478,-2030.258065567184,14,4,16,12,11,19,14,741,12,16,15,-2031.5608630092934,-2030.3114571360557,-2034.7339828418696,-2030.3324755288731,0.9995976278206846,0.08294323986031844,0.9997346578299326,0.10956804889128269,0.9997656634819083,0.10541110592862867,0.9997730445202295,0.10055291085882595,0.9997941329093333,0.08769864814380249,0.9997280727500427,0.09652587127787474,0.9998255697609477,0.12016125463404526,0.9997647240337237,0.11937071840632067,0.12023771475989704,21,0.004954887769405761,20,0.9996672411255151,6,0.9998195330223482,18,0.9998362364667908,9,13,0.9996192171412623,15,0.9998343893124474,18,0.9997628517397134,8,0.9995696395616581,0.9998438471385581,0.9998136973974114,0.9997893199904877,13,0.9997854482086824,0.9997631495228366,0.11919012860430725,0.999810383149222,0.11067903830200426,0.9998012992313606,0.03527864336027109,0.9997628232483127,0.12016488308972566,0.997111212448418,0.05090176689604714,0.9998054468131179,0.08435673335516028,0.999778787166464,0.11318568238411672,0.9999449368240039,0.09067662922893932,0.9996693973097771,0.1193119272373734,0.9997372452320251,0.11017603868504229,15,9,0.9999335018882491,7,0.9997801241521573,20,0.9995630944468942,7,0.9997424339495418,20,0.9997112629835098,5,0.9996520088387307,15,0.99974627012957,13,0.9998392336988866,10,0.9997662269605151,0.999104359517993,0.999540911120886,0.9996014480687466,0.12016587656094041,0.9997529270822083,0.11320529302311118,0.9995542926159348,0.11626499794052653,0.9996038909209327,0.10876566651050276,0.9933743396958047,0.024597079222275112,0.9997357683737239,0.11096821625085873,0.9999959860577619,0.09441840057846465,0.9996259945552048,0.11814438889244616,0.9998364188565588,17,0.11021349414137317,0.9997791665956771,0.9997201023887929,5,6,0.9998012209636984,0.9997732875761408,16,0.9997732286719574,14,0.9997467876751114,0.9997588663149174,6,0.9998108825131621,20,0.9994179829382055,28,0.9997007706471047,15,0.9997277634948992,19,0.9997979349710597,0.9997375619040104,0.10952129603009354,0.0891287051505556,0.09029164134464521,0.9997093881246607,0.1201223700018929,0.9994584252320734,0.11942105486961221,0.999621768774275,0.03301805722433763,0.9997082096521325,0.11957451618736285,0.9997640270473314,0.0829229631358247,0.9997654864176712,0.12005349204792981,0.9997221465368709,28,0.9998300176639134,6,0.9997525609613461,17,0.9996351897720168,13,0.9996216594799465,0.9997137939620818,0.9999645093029907,14,0.999522555808212,11,0.9999164717081732,0.9997646275404907,0.9997560176978229,12,0.9999172495906764,13,0.9996732861290922,13,0.9997600477737004,15,0.9997879752168024,0.11948140242768471,0.11054412938490704,0.1180702858697701,0.10837135205017612,0.12009588618014168,0.11914472252392014,0.10799922796081629,0.11408704544909441,0.12014182925985009,10,18,17,21,17,13,14,17,0.11434214110977402,24,0.11558007008232718,11,0.11912503383197072,0.999969434658329,0.9996986728917201,0.9996074846109657,0.9994521906179644,0.9998138454692743,21,3,16,6,0.12029042843175095,17,6,0.9995960178382864,17,0.9996551139355505,1.3867985996970097E-5,22,0.9997368788937796,15,0.9998057580161768,8,0.9994314830414377,0.999809289239781,0.999756493898575,0.9998114059389889,0.9995931310268887,0.9996720941668902,0.9997442685020917,21,0.999731606427959,14,12,3,16,0.999678322473613,0.9985176392409887,19,0.9996127944146849,11,0.9987500754055391,0.9996652080626524,0.999735275401667,0.9994688085055818,0.9998399804803471,26,0.9995797304044467,7,0.9998019649109783,0.9992444104968042,22,0.9998173398391982,0.9995651798373116,0.9996310826398613,0.9998601093430534,0.999824875929197,0.9995866782766731,0.9996403504237393,0.9991035375112614,0.9996592667898845,12,0.11973103709941942,0.9997410217094771,19,0.12021353047465813,0.9997407582397586,11,0.12014628355635176,9,0.12025150892652073,19,0.11340944514377244,0.9997884907287795,15,0.09560912981788096,0.9996326385808698,11,0.12014150043747233,0.9997876643612073,20,0.11975399825210126,0.9998134028018378,0.12016965821102431,0.9996721319014662,0.11959972580687786,0.9998562336993227,0.9996982933569004,0.9997514360869003,18,22,0.9996472413505,0.999822165967438,0.9997333691821179,0.11835455431945564,0.11791740483360923,0.0963959413314673,0.12024721897940248,0.07763040218244763,0.05450950954553332,0.11994664710009158,0.11395299569306161,0.12017577735462191,0.09985430070680289,0.9998188494073122,0.9997869602230173,0.9996284631161049,0.11735900510729419,0.9996640421642877,0.11140821284200271,0.9997520117410384,0.058833027857914756,0.9995480420616081,0.12017410152218655,0.9997302017977856,0.05079395608112413,0.9997818396102554,0.11081561980871855,0.9997632203975595,0.12027256471471079,0.9997834313102064,0.11747780339912824,0.9992485429076821,0.07698792280841596,0.9996463396012092,0.11315852826943948,0.9997084812889601,0.9998022302326736,0.9996129463351969,0.9996797834669248,0.9995092961253155,0.9998607382288766,0.9997154476260421,0.9994345255823469,0.9996304274475292,0.9997621222243022,0.11925911159925766,0.99979924173379,0.06846135956316551,0.9997536732308336,0.1202313559638777,0.9995757985426139,0.06758402830560437,0.9997661310296416,0.12019819162796128,0.9991804353699564,0.9997097680429377,0.01442280569556273,0.9997984758748079,0.11961671086372377,0.9997762624293255,0.10694389974261706,0.9995536763362164,0.039725601252555955,0.9997011162309308,0.9996743567334334,0.12027761923588463,0.9995048839762806,0.9998230198361427,0.99974781136081,0.9997767083525443,0.9997759456686757,0.9997937628297626,0.99970225284117,0.9996880693736447,0.9982264950069709,0.06480109202534855,0.11977002346925154,0.12016889406337575,0.09856076568628408,0.12018692807891852,0.08974972466690606,0.9998378107021301,0.08418550099513865,0.9997087701651013,0.061809894252248816,0.12019027547008032,0.06454632007146274,0.999775200016606,0.9997112868008382,0.9997570957266787,0.999648499441239,0.9998269569014059,0.9995790819795993,0.9997227742630292,0.9997783203138833,0.9997726147936566,0.12011621583386738,0.11528191656860011,0.09365327836207,0.11037285514944241,0.1196209684394334,0.07168566336696792,0.12016676184178442,0.11002104623432833,0.1191968294455268,0.11107900042009554,0.999817763271497,0.9997396203014548,0.9998095995016629,0.9998341588380832,-2030.8501518577923,-2030.6388615294572,-2030.300653561528,-2030.455632786241,-2030.2849814028177,-2030.4740444176089,-2030.1925577464335,-2030.3582704550436,-2030.558175579728,-2030.357352423376,-2030.4319904045353,-2030.2283143850455,-2030.3412971927598,-2030.3090039025824,-2030.4176411009098,-2030.3125148018585,-2030.161929081185,-2030.4363877157582,-2030.2064859136162,-2030.3082675196324,-2029.9025213883588,-2035.132616364982,-2030.2342368146499,-2030.2952210610674,-2030.4105012319008,-2030.5100220717413,-2030.3858931006707,-2030.2420953700075,-2030.1040609557483,-2030.3530273828383,-2030.1836110441172,-2030.2285430496315,-2030.3492061907841,-2030.2396290980444,-2030.26409114023,-2031.2580118299873,-2030.190191864174,-2030.2415985154134,-2030.2597052715998,-2045.637442765827,-2030.194465455296,-2032.9393104822545,-2030.2214915921802,-2030.76098118438,-2029.9286773949284,-2030.3069773136654,-2030.3872662973308,-2030.425962984425,-2030.6894573257107,-2030.3228143259507,-2030.301843560576,-2030.262005236927,-2030.9281144627726,-2030.9437127287902,-2030.2733707485083,-2030.2117379092747,-2030.2022179594805,-2030.319852049515,-2030.2981711729617,-2031.1795363899387,-2030.1689861012715,-2030.2901864999296,-2030.4045757392373,-2030.2397416758163,-2030.342102727809,-2030.3375592301572,-2030.3470038930077,-2031.092979155823,-2030.4267170340781,-2030.2273550534333,18,17,12,9,19,17,6,16,12,18,-2030.2348238636491,-2030.1534644976,-2030.3527050557204,-2030.8100773219728,-2030.2403213894122,-2030.354676126267,-2030.2348822239874,17,18,18,17,10,17,12,18,18,15,-2030.3115487585974,-2030.2936754986622,-2030.5289404076075,-2030.3571722611732,-2030.340486290825,-2030.4160712942062,-2030.454370986929,-2030.3732834739676,500,-2031.6362683638886,-2030.4510178960454,-2030.397878929219,-2030.2309429053855,-2030.358623204517,-2030.3592125226623,-2030.241021599007,-2030.5729710128987,-2030.5192707109022,-2029.923926829505,-2030.3873941457225,-2030.3589126451466,-2030.4513653761967,-2030.351489003115,-2030.325366037408,0.12025651022389151,0.11941432810596332,0.07895939355306213,0.11987681216783821,0.11558868632610284,0.11593001880020769,0.045796790410298674,0.11994999762106667,0.10448797043182187,0.08540165180246985,17,18,20,0.9997726533136816,14,0.9995105852562814,10,9,18,0.9994039567086002,22,0.999746227050557,5,0.9997635066612603,16,0.99971331351752,0.9998041998572217,0.9997160458662722,0.9997756260822717,0.9996685927119181,0.1191857317964805,0.054897343451651606,0.11835728136370695,0.1201019707142916,0.12004149835201311,0.1172083555374472,0.11117377172723224,0.09885521786258634,21,0.12006177371530588,7,18,5,0.9999922050360064,18,0.9997663707773767,0.9997453866407604,14,16,0.9997524659106118,20,0.9998113863653855,15,0.9996909440386246,18,0.999586823252035,0.9997726721705079,0.9997992942516645,0.9996435575406475,0.0857060671714095,0.10743806038164097,0.11972589296172599,0.07446412943410942,0.0930957353421017,0.12026149000272629,0.08012749736186904,0.11211489732722399,0.09517640494634669,17,15,17,23,0.9995532056549801,19,0.9995986221729828,8,0.999757849721037,0.9997024070121239,0.9994575834429661,13,0.9996018371205202,20,0.9997030841589873,12,0.9996372032180637,15,0.9978529141176316,0.9998209247050365,0.9996211853872394,0.11844158608793286,0.11330913598931862,12,16,5,18,0.9985450712151103,0.9990295068613243,11,0.9993566092300037,8,0.9995512144578119,0.9997344797469719,0.999839103001332,25,0.9997725378382706,5,0.9998317453459825,16,0.9995615963115603,5,0.9996099198193189,0.9998199921578341,14,15,21,-2030.3541270836408,12,-2030.3481753509247,22,20,-2030.709903059048,19,14,16,15,20,-2030.5343915193325,18,-2030.1902455572017,21,-2030.2193027284457,12,-2030.2340023019212,-2030.4303851484772,-2030.2513268782554,18,-2030.3421839479543,14,-2030.2617552842553,4,14,11,13,-2030.2381421459977,-2030.022643955514,-2030.1699200944443,-2031.6659922775962,15,-2030.6081950659354,10,15,-2030.9260481465408,16,-2030.3107916516758,7,-2031.1754619224896,-2030.2835398064058,22,-2030.3776122379788,20,-2030.333199054327,13,17,19,19,18,18,18,15,19,17,17,17,19,9,17,22,-2030.9758706146467,6,-2030.5662346119307,16,-2030.2993205548187,15,-2030.4396750533385,15,-2030.7111742105653,20,-2030.414051451545,18,11,16,11,17,6,17,21,19,17,15,15,9,16,20,19,19,16,20,15,18,6,21,17,8,20,17,8,0.9998230254632869,0.9997503568728023,0.9996961733203625,16,0.9994925400235433,5,0.9996494296121947,11,0.9998274917232438,12,0.9995878371592216,0.9997097396965681,-2030.3393891108485,0.9997753705224928,-2030.3122570696034,0.9997927037927506,-2030.2994142873658,0.9998143418561806,-2030.4280922452408,-2030.2354190953793,-2030.30413415912,-2030.1965558835109,-2030.174118714417,-2030.6239026585686,-2031.3748247839385,15,20,22,10,18,0.011900775326121953,9,0.11778885993752931,0.03958722344256803,0.11749858003732926,0.11736928813562188,5,0.12016736713824479,14,0.11092608293294685,18,0.028704518858984035,23,0.05940527094199379,-2030.5123682925423,0.999668025158564,-2029.9668761288121,0.9998451638906508,-2030.281382591514,0.9997411263573805,-2030.1869267796885,-2030.263344546355,-2030.249809173144,-2030.4124720901061,-2030.423890166518,-2029.9092477800907,-2030.3103965315488,9,15,12,13,19,21,20,0.11883528784975622,21,0.07598596653075745,0.12017316247530262,0.12019744307655593,-2030.6689145646583,0.08618428813735407,0.10635983421263331,26,0.11932055184490656,13,0.11933820328524393,0.11371924972185754,0.11856620694982622,16,0.10019325733711108,-2030.5360241155274,18,-2030.2480371359336,13,-2030.3198400955837,23,-2030.5177788058063,-2032.8119048705303,-2030.6196727437157,-2030.3475324283997,-2030.7248046300936,10,8,22,23,13,16,-2030.690702534518,16,-2030.53584256669,22,13,16,17,19,0.07965494601225515,15,0.11979917430802829,16,0.11584821790974703,0.11997372107259469,-2030.2847179607634,0.09467229325992912,-2030.519087952316,0.12017377060462768,0.1146290577359585,14,0.08597256936875593,18,0.11463140623573362,13,0.10983286633164469,26,-2030.7656797956183,16,-2030.3596275403079,14,-2030.3792423514847,21,-2030.7074418315055,-2030.0249594517277,-2030.300863836633,17,-2030.8048059783073,-2030.4488646790824,18,18,14,17,-2030.444907219371,17,5,9,7,21,16,0.11222294049197952,13,0.12008036446078668,20,0.12028292176665806,5,0.11370877308327608,0.11098072890016267,0.11385424215513595,0.11799543123271208,1.0E-4,0.11913442289319785,0.10490050718406888,0.9997701358996486,0.12000498700858643,0.9996724496027755,0.9997222530172071,0.999788160396217,0.9996654360902382,0.9996717723870778,0.9997210837069312,0.9996260263543717,0.9996047024940119,0.9997987725330155,0.9998358937422404,17,10,16,16,0.11747891887707482,12,0.04918526884220259,18,0.12024234598404004,18,0.02289424048253708,7,0.11534885278730107,0.07162407031380118,0.10715424539346677,0.12024738652024076,0.11469419497596815,18,0.11923131793853509,0.999730672929434,0.9997194899354911,0.999739592433579,0.9998341181413538,0.9984280921925138,-2030.2559371376099,0.9996779669652339,-2030.1927041879267,0.9997211660314279,0.9998093408234521,-2030.7215574771124,0.9998421910545248,0.9998184383977379,0.9998266561994166,-2030.535457419955,14,-2030.2762524887562,19,-2031.5897046824803,-2029.8870297530525,-2030.1911490013701,-2029.872794971787,-2030.341806952561,0.12011264142070362,0.12019587798839393,0.1181380368083256,0.11998722733000106,0.11498315707848532,0.12012829667417577,0.12015935782653334,0.9995870785208112,0.12027365120976918,0.12022117897745703,0.0919708074810985,0.9995834991116793,0.9997897274341658,0.9998348253381736,0.9993074235752826,0.9997416119790945,-2030.4397273287889,0.9996280925986177,-2030.1840801654398,0.9998286365849917,-2030.4922813412725,0.9997738149299218,-2030.2738725573222,0.9998000449468677,0.9997688148143691,-2030.310386597923,-2030.5480065284382,-2030.6194659573794,-2029.8573423291468,-2030.2990303335869,-2030.3597648077944,0.03835713587817821,0.0677787725053094,0.12019493187199953,0.11987556484704247,0.11440468827378268,0.03990672416930978,0.09133808396430428,0.120071010132823,0.9997422355529517,0.10781836618447292,0.999736473962784,0.11263655027135422,0.9986590720819519,0.9996469435254198,0.9998178536501646,0.9997276403459175,0.9997528858131469,-2030.8085092899064,0.9998225282315418,-2030.4167224092253,0.9997606705969584,-2031.2575716355573,0.9999939974792257,-2030.6095499394678,-2030.5812267633182,0.99982505109891,-2030.2447677811497,-2030.3005105605323,-2030.1989818163308,-2030.6490118614297,-2030.4075609004035,0,-2030.3735802092328,-2030.6747060897555,-2030.5546597374987,-2030.4661842360083,-2030.6514116610933,-2030.9669324724646,-2030.2322866708414,-2030.3885878235376,-2030.2487092691954,-2031.0090127990215,-2029.9163948204232,-2031.675670760372,-2030.5462242655344,-2030.7077944757234,-2030.348752041395,-2030.2372404182388,-2030.6805706507503,-2030.5201691399602,-2030.2564117414886,-2031.3892461235282,-2030.2251909921029,-2030.2415386395146,-2030.1878507851052,-2030.5434481765733,-2030.3936258312197,-2030.3184128089374,-2030.6568728146146,-2030.306119448018,-2030.4556017763844,-2030.8922558265099,-2030.6077305070849,-2030.3269009468452,0.1201432861015252,0.01393183777399133,0.058172425108869295,0.11602982162172806,0.07189911414764906,0.06036240173631695,17,9,16,11,17,19,9,12,15,16,0.10212744972017082,0.058784625631641774,0.06094197997943838,0.10692991974561143,0.12010362797368562,0.10350892114708829,0.11962122084694465,0.10902422887281814,0.12012623426532194,21,17,7,10,16,16,12,12,14,19,0.12022406151781528,0.11978795278169711,0.1202656427731523,0.12020770579532616,0.12012989097973213,0.11341561786382721,0.11724776820457397,0.11955965445174636,0.07591728554107345,17,21,15,12,18,19,19,22,20,0.9997117248405466,8,0.9994477921187439,0.9996494155829325,0.9999170973664933,0.9995780667929569,0.09823870961363383,0.9997243410924525,0.11804489599533956,0.999780834866041,0.12022835700991123,0.10634904264745941,0.9998445596306652,0.05838416534548135,0.999108297056588,0.11704196346291626,0.9998109618739901,13,9,16,17,12,19,13,11,12,0.9997886058445835,17,0.9994723104687804,0.9997751861826769,0.9996287588440179,0.9997567778646698,0.9997422831582791,0.9997641523458819,0.9993495824388373,0.999578692492952,0.9997538472009777,14,18,18,18,14,12,15,11,18,4,8,20,17,21,20,18,11,19,16,22,14,13,17,15,6,15,18,21,13,16,8,11,17,8,16,22,17,14,8,9,0.1173096354438861,0.09958957099044724,0.07616956290347136,0.1108282496130578,0.11896551432628465,0.12028056500009472,0.12024110940581188,0.09598718245653179,0.04099673409073077,0.11399031271738125,0.999830247139731,0.9998076990247219,10,0.9997744645752116,13,0.9996210263627308,18,0.9992515044327932,11,0.9998314418619878,10,0.9997784645072134,0.9997807887093001,17,0.99971742780984,12,0.9997611042857184,0.9998123028691438,23,13,17,0.0709767169942009,0.110248970220664,0.09364463500541245,0.12023716415906419,0.08822898355343531,0.12017915270408289,0.08368613236815853,0.0735287952788831,0.11938114486463904,0.12026132252926941,0.9999985257107326,0.9997753856411901,0.9996583893638783,22,0.999723025982417,15,0.999608665936587,8,0.9997275368853009,21,0.9997802488715543,14,0.9996420349890535,17,0.99930918563805,12,0.9996280918666819,9,0.9995301577902155,16,6,0.11360626246100215,0.11975527849232212,0.11635405601921045,0.10295519919966832,0.06561899720577422,0.06719508235755836,0.1138853776131371,0.1180980901863142,0.00400738094839595,17,0.11970781579357544,0.9998341046510404,0.9997921944090186,0.9991458142624822,0.9996645674493326,12,0.9998375859428665,25,0.9997809777797799,17,0.9997510711725563,18,0.999623210435065,13,10,0.9996858241644736,10,0.9997933663872937,20,0.9997116991020923,21,0.11606278143808298,0.090143120013412,0.08477282150573681,0.11352606504835304,0.11987218425503085,0.12024624098892332,0.12024549939757521,0.08730474914833905,0.05812213421903609,0.04361585138194127,17,14,14,0.9998333387490871,13,0.9999909131056978,18,0.9997599137156911,17,0.9999839005716472,12,13,15,0.9995729558581444,5,0.9998021986302261,0.11556475517539133,0.04197092760692273,0.07892105972317962,0.04257750419876592,0.06956345559915891,0.08086886906046291,0.10235525807968066,0.09003795308917513,0.1171233466490069,0.9998345495819002,-2030.295721345135,-2035.8739339918804,-2031.1090234545472,0.9998044689636463,-2030.562240186432,0.9998202396185955,-2030.5758239032396,0.9998130005855292,-2030.2355266591278,0.9996650922092624,-2030.5306950986023,0.9996726264608848,0.999759728079553,0.9997993334844915,0.9997162988593755,0.12017364180633444,0.9997880256770373,0.12019629752704719,0.11771770893734784,0.12018213815795811,0.11978275370893456,0.12001578247230847,0.07139975986072442,0.11643293485140836,0.11960084189814653,0.9997511387632014,0.9997091487264596,0.9997800749079441,0.9997414805036007,0.99957990398731,0.9995512381992501,0.9995988687143613,0.9995319805018893,0.9997072002367693,0.9999159568365499,0.12019370251041474,0.12017336102115972,0.11861850993964593,0.07311474833885423,0.11214084351751469,0.11991231756581858,0.09054501369881307,0.11933477567975644,0.10674834502693013,0.9998060890115492,0.999588143678788,0.9996643778355688,0.9996231086393302,0.999770730525241,0.9996732709851257,0.9996642884562602,0.9997570944440446,0.9995713575291657,0.9985450915890488,0.10769003094929586,0.11405036038430416,7.463534850760119E-4,0.12021439801871335,0.07013648858274359,0.09803437111090628,0.12021096843489541,0.09464029123605949,0.10563361437296402,0.9998424918438191,0.9999445673730527,0.9999729554176383,0.9997753807496254,0.999719496782409,0.9998052163634714,0.9997896681401289,0.9998361840266778,0.9996759347194506,0.999725118730541,0.9997985508553846,0.02506505385666822,0.11791940801266643,0.10933499584009246,0.11807145997012802,-2030.4587015975908,-2030.5446569652686,-2030.2862826262362,-2030.2973267146576,-2030.2094755853313,-2031.0176810558041,-2030.873765321024,-2030.3373218582922,-2030.2619415996,-2030.6088486514209,-2030.283548645601,-2030.3052741705853,-2030.2236505638602,0.9998090150733061,0.9997260891335467,0.9996770898284856,-2030.3717993506361,-2030.2436504507164,-2030.4920783201037,-2030.3689333487482,-2030.4940678412286,-2030.2156369144934,-2030.2613600791428,-2030.2314589057526,-2030.6261098589978,-2030.209344865897,-2030.2972801781934,-2030.3350916680783,-2030.2940478540918,-2030.5365243883207,-2030.3578546416938,-2030.772173337058,-2030.402148581712,-2030.486569221062,-2029.9114663218452,0.9997133434038973,0.9997225736433457,0.9997743376616822,0.9997760665152664,0.9974064262002947,-2030.244949731797,0.9998769958504596,-2030.2541575816974,0.9997543886979946,-2030.3070034889215,0.9997382057419604,-2030.3613333153994,-2030.8870727708527,0.9998128850969465,-2030.3631219676063,0.999782853584916,-2030.6554021476322,0.9999762689806044,-2030.3268642358516,-2030.4444209932094,-2030.9542633160777,-2030.6223945295196,-2030.446814514586,-2030.1718283611199,-2030.2634968073558,-2030.3086060474889,-2030.7607262998822,-2030.461221635123,-2030.3544803916698,-2030.7157823266525,-2030.3291807272376,-2031.5193111048843,0.9997038679179785,-2030.5236572764056,-2030.460120657909,-2030.1939744549359,0.999751806993808,0.9997878959483472,0.9996948029515272,0.9997801784536232,0.9998158016760265,-2030.5446155410048,0.9998265515434971,-2030.1989862992118,0.999776429129191,-2030.8994946441621,0.9998484951645843,-2030.5131242695213,-2030.2605405721633,-2030.4427145944987,0.9997601647264028,-2030.3317369139668,0.99971550848538,-2030.3941114910915,-2030.2221256736061,-2030.2868815967186,-2030.608795796652,-2030.4226601845787,-2029.8624974830686,-2030.6138103536007,-2030.1864499531343,-2030.3027083911522,-2030.2557105453848,-2033.9204159022322,-2030.2528694379153,-2030.2577635103978,-2030.2899784631622,-2030.3358982054226,-2035.7351561095393,-2030.1797379083919,-2030.2493412117506,-2031.283522644138,-2030.940279998783,-2030.4817677890665,-2030.663674661515,-2030.3097801598833,-2030.2393173179278,-2030.4289142126274,-2030.3567392519376,-2030.5951316051546,-2030.3334535121799,-2030.3304898087292,-2030.4185085464535,-2030.1994477771068,-2030.8767619311554,-2030.399604226153,-2030.2742884204044,-2030.3696374906333,3,-2030.759474225175,-2030.6587120845961,-2043.3931788029104,-2030.5106354120971,-2030.390843206729,-2030.4213626700298,-2030.3838105045324,-2030.5738149696244,-2030.3015732184235,-2030.3559957122689,-2030.9607105713953,-2030.406472580637,-2030.2084794826544,-2030.3320380643695,-2030.9202368169267,-2030.4075285465815,-2030.839392607446,-2030.5564861511943,-2030.5912479658375,-2030.1383471193235,-2030.2098883524852,-2030.6936795434303,-2030.343024971886,-2030.5846486406972,-2030.5706510928462,-2030.6901387702217,-2030.2153911222254,-2030.3805806332257,-2030.3957158025812,-2030.2395928257579,-2030.6034746055925,-2030.2040825039994,0.06927013983516599,-2030.3034789177618,0.0958120133356298,-2029.9661261143208,0.11991525689294176,-2030.5256469737083,0.06987314225883683,-2030.3878438190536,0.07652523511159753,0.11858820908847172,0.11966569025082123,0.11213176079835456,0.1201760928627573,0.12016604844072135,-2030.2681153941865,-2030.2254187923,-2030.4413101587975,-2030.3204021162057,-2030.3055860480854,-2030.144019061573,-2030.3930986431358,-2030.3301302255459,-2030.3151408791355,-2030.2723159872057,-2030.6768384081465,-2030.2899520783646,-2030.2614287693382,-2030.3352356016064,-2030.231280289531,-2030.6714354231967,-2030.264495381156,-2030.4456760912713,-2030.2243311724924,-2030.5680955524413,-2030.1836237887412,-2030.4405647234012,-2030.347529823574,-2030.1910389730688,-2030.3107635581846,-2030.3830202509964,-2030.2409086129965,-2030.3160135579378,-2030.2056628109287,-2030.3663850679595,-2030.4436493663127,-2030.859860991358,-2030.2136572779823,-2030.3044269803468,-2030.5155734564069,-2030.709111791597,-2030.417233646208,-2033.4607024411603,-2030.307700483535,-2030.487721038883,-2030.2558729638613,-2030.5724828062948,-2030.4462628096226,-2030.4589131047505,-2031.3808452756334,-2030.309249313489,-2030.2730675045032,0.07677197264306407,0.10943285192319983,0.11986487609258066,0.0440371249799819,0.12016524265380273,20,16,13,4,13,10,16,16,23,13,0.10012881592584642,0.10249182433938901,0.12020599285673189,0.1163822405110175,0.08940875750195297,7,7,17,13,7,15,17,22,23,5,16,8,9,9,6,23,15,14,20,21,14,19,11,16,16,5,20,21,13,10,23,24,25,17,22,18,17,14,18,14,16,3,15,9,17,16,12,13,12,19,0.11973644203192262,0.08415361948170419,0.0053225293349931,0.002836736630607065,0.12024981969994912,0.06428093216082413,0.04784344778869222,0.11701460169189068,0.1201849837122362,0.0680812262746422,0.9997994942762948,6,0.9996600383888882,17,0.9997886014918285,12,0.9997779031340412,16,0.9996284370967509,15,0.9994272175302051,15,0.9997872551779124,9,0.9997818166942464,11,0.9997023569773359,0.9994980408895032,0.9998250792061856,16,21,0.119989104601864,0.01857526718951123,0.09996929119325378,0.10649192738386133,0.0777850532975586,0.1158945730701289,0.1193790813550029,0.08413658349430421,0.09284311244329811,16,0.12025662994155178,0.999740821545481,0.999759313951572,13,0.9998172276553071,12,0.9998143410748628,24,0.9997979841297343,17,0.9995949682094476,4,0.9998573158718788,17,0.9997109197770908,20,0.9997704537749472,4,0.999796201467778,0.9997777495570452,17,0.12026227799146745,0.11793814406852354,0.09621067393972677,0.12019126164561136,0.10267328253850076,0.10218108612800161,0.11721220038462,0.11996590792357525,0.11712954082212546,0.12013978409441144,4,19,0.9996456837805805,0.9996767878639002,0.999720741247013,5,0.9997275528156039,15,0.9998102474728268,23,0.9998277351647742,8,0.9995884211864663,7,0.999637101640065,12,0.9995149577663405,9,0.9996542147811546,11,0.9994751703856448,0.10407561518020515,0.09538707188327993,0.11625923330399546,0.10482381532685686,0.1190430673853858,0.1189818753936455,0.09748357537218175,0.12019200339711435,25,0.12011158959142873,8,17,0.9996910003986405,0.9998397244489916,0.9992964187933622,0.99978543521589,10,0.9997314545901379,16,0.9997797255875331,0.9994552524657989,19,0.9997392311889305,17,18,0.9997931615986336,12,0.9997462098778144,12,0.9994965661048132,0.0932461379444237,0.11892218179436848,0.07289942777105633,0.040151217555074795,0.08274045028180993,0.1189672205431271,0.11243855037315209,0.12021722732548062,0.09990585859861514,0.9996446947892837,0.997043243120744,0.9993822716024563,0.9997826072289655,0.9997016582992723,0.9998122498981667,0.9996669120205951,0.9996513820457358,0.11754790790840224,0.9998327131658565,0.09724271940705731,0.9996703768795037,0.11680949546751786,0.09039314449428505,0.12003657999061335,0.07567178346934038,0.0419251097126304,0.11659765784476636,0.1188267113700727,0.9998302449320067,0.9997102282876452,0.9994853783189832,0.9996755625317588,0.999660058782521,0.9999718625218191,0.9997648723245395,0.9997341591192646,0.9997999316679836,0.101860077815542,0.11971218081925077,0.0166478462769569,0.9996886364586729,0.09807892672034882,0.11238734910006114,0.11790779831886845,0.03950023713339642,0.09951522040657126,0.11613246102508273,16,0.9998030749756367,14,0.9998436198234886,7,17,0.9997494181066189,0.999777051571072,13,0.999750298838523,18,0.9998076094219093,0.9998180984486585,0.9996055202598467,0.9997672717078601,0.9994914916479372,22,0.11007659917965668,13,0.11090132341552086,18,0.11991652194259969,6,0.0849530416839278,15,0.9998082492619164,8,0.9996199398190546,15,0.999825143582093,18,7,0.9998220449218931,0.9996859241192513,15,0.9997465565946936,21,0.999745145387387,0.9997995281026899,0.9998142531129414,0.9996849446057942,7,18,12,-2030.5200924940132,-2030.7282948513775,-2030.5300266185175,-2030.1905709885768,-2030.3358403445873,-2030.282089582198,-2030.6275779063994,-2030.1713668003954,-2030.2325873471354,-2030.2207375327212,-2030.1868202990195,EMCC,-2030.737355279452,-2030.5341561962557,-2030.2331855562925,-2030.380174118857,-2030.6003139452696,-2030.2854516905686,-2030.3590237161845,-2030.283773573572,-2030.1462163436095,-2030.4669551012003,false,-2030.3807092012655,-2032.3946898407362,-2030.3992958519357,-2032.8677931771163,-2030.6406251240683,-2030.1792180355314,-2030.5075183680713,-2030.3918443977193,-2030.933164154783,0.9997714333506718,0.9994889408380578,0.999604796313397,0.9997774868964644,0.9997343982506117,0.9980008725325784,-2030.6048055332926,0.9997756842664693,-2030.6403165086538,0.999717023099724,-2030.4321140104544,0.9994653066477507,-2031.0028298747272,0.9998037093252461,0.999802310215877,-2030.4354726241206,-2029.9263932348258,-2030.1370702162744,-2030.6226165490302,-2030.5045508599223,-2030.8508961358925,0.11879168856108116,0.11621210281266699,0.10044698508976767,0.11485271051787736,0.114246423747265,0.10051363602617364,0.11562897691207107,0.12022464069389537,0.11050905592458865,0.11992322351403774,0.9996606334895518,-2030.2848204311335,0.99962898753732,-2030.823954834032,0.9997672536307466,-2030.5177480456632,0.99970388318582,-2030.341534703653,-2030.0223349114026,0.9998357289682707,-2030.3146472871356,-2030.3497191309502,-2030.2579224455199,-2030.0239141621698,-2030.3322340237958,0.09606214805442384,0.12016425612007796,0.1099415315301029,0.06545350701016593,0.11887755081420359,0.046465889247688914,0.10998897395401197,0.08467683391768187,0.10767307454709717,0.11701760741267093,-2030.2645952064388,-2030.3147669082882,-2030.4619235397117,-2030.4071006652694,-2030.3872006833212,-2031.0364475978809,-2030.2383032978541,-2029.989340190249,-2030.3684640514155,-2030.3439340470543,0.11111969112823586,0.06763155732748131,0.10771486511903652,0.09682558894069454,0.08282808683187348,0.004683948139371809,0.08071939941287438,0.1169980673168871,0.12027493723855587,0.05507272668220786,-2030.3289859104427,-2030.300763834076,-2030.3695151262505,-2030.1807343795099,-2030.78666130431,-2030.5609670011872,-2031.6739992121877,-2030.4406130970383,-2030.7415920107246,-2030.3773059958976,0.9988443665184533,0.9996763305027266,0.9997804858217777,-2030.3894102075299,0.9997748584818367,0.9996729510977315,0.9998011504833899,0.9997472606939979,0.997601832401304,0.999764508619951,0.9991599989406603,-2030.44370693873,-2030.407350775956,-2030.377708919691,-2030.5712560613015,-2030.2241476500947,-2030.2312787029807,-2032.5798928562465,-2030.310417300468,-2030.2752180846333,-2030.2095326589733,-2030.356079523866,-2031.2611533194859,-2030.6928664344387,-2030.2812621826165,-2030.1896856270191,-2029.8665340482917,-2030.7001381437021,-2030.2146555175173,-2030.3402698570085,-2030.3237305007792,-2030.378975337378,-2030.2603105405187,-2030.1911216089115,-2030.4239040725647,-2030.383076848197,-2030.3135763508,-2030.4011917372966,-2030.6095484526393,-2030.202252123334,-2030.2062734036524,-2033.050117084308,-2030.17472946544,-2030.2229602658674,-2030.5194471837497,-2030.4182922867426,-2030.2414338922317,-2030.3210476532959,-2030.5082404630461,-2030.4204999381204,20,0.9996489535100104,8,0.9997685314274583,11,0.9998085140451473,17,13,0.9985822790948102,21,0.9997745821455398,5,0.9995412942762618,12,0.9999130151814475,0.999502744703661,0.9996615055632867,0.9996285009249065,0.9997712254762333,17,20,16,14,0.9997730939194237,13,0.9998108749154763,8,0.9997371913239792,14,0.999624022908541,17,0.9997425081605645,16,0.999567216405175,25,0.9997187607269169,11,0.9997916365170116,0.9997807108149046,0.9994743855362404,0.9996037419611479,16,7,23,0.9997467054682047,11,0.9996788133847427,23,0.9996598648060878,26,0.9999894324664673,17,0.9997817771604957,14,0.999744193336665,13,0.9998368183486092,15,0.9995949161002655,16,0.9998040505804376,0.9997431246618077,0.9998239763358437,19,18,17,0.9997328186399657,0.9998197277783624,-2030.3612154554194,-2030.4712610736037,16,0.999598711332377,6,0.9997616139829293,0.9997185385801193,16,0.9997256759809185,9,0.9996736991747156,10,0.9994269344051352,12,0.9997929938028116,14,0.9997950126206299,0.9996933495260806,-2030.6913252376064,-2030.2136458516554,-2030.566206114594,-2030.2045768252633,-2030.3799615888101,-2030.8849425573887,-2030.5284340871895,-2030.168693154023,0.11408384034095156,0.053051001618136,0.10638822034334378,0.1155824147759104,0.11210306962763263,0.11969341819278241,0.11943984710534403,0.10366781551392952,10,17,16,17,19,20,12,15,26,19,0.06270647378349516,0.11797783116086416,0.11511554954191057,0.11946839738058851,0.0996813676239403,0.12015959022590315,0.12004687417115892,0.12014532970062239,0.11828310066701424,16,16,14,11,20,17,14,12,17,10,0.11970706200278317,0.09427274688835202,0.08170118358521058,0.07912592759685852,0.0816815458679909,0.05901582940386903,0.11255636552437481,0.08066689833184114,0.07469234562276342,16,10,14,18,12,19,11,21,18,19,0.11944500651813127,0.1128925517852068,0.047682738464245485,0.09075527514205234,0.12027296459807846,0.10219614827822987,0.09607749725390019,0.12017696294787106,0.11824848097381514,16,10,20,9,18,5,12,10,15,17,0.12020217287170544,0.11230275256824739,0.0703228543630817,0.10048833441649578,0.06867163541146379,0.08360332327726766,0.1194256125443409,0.08895687726023788,0.11471051147271137,0.11915989983867982,0.11992066576699076,0.11956325841196438,0.06356351517994209,0.12026766174461849,0.11009736836692917,0.06992898467760392,0.11971735525706594,0.1201736510184904,0.12021361686482156,0.08560332292629404,0.11586390270269376,0.12005180856795732,0.11910641881084012,0.09765861487416422,0.050724376612739486,0.11475761847508323,0.09547259410811575,2,15,24,20,20,22,14,21,20,10,7,0.1201714449126051,0.1188924466703653,0.11956273092712372,0.11628187570345001,0.08517353238993976,0.10929997209214863,0.11478631390639013,1.3867985996970097E-5,20,30,22,11,13,19,17,19,6,11,0.12011337077962106,0.06821469546945912,0.12018918498259197,0.12017130921574275,0.07531183824101292,0.09581250247860053,0.10751872746498892,0.12025978028638598,0.11977712736133522,0.1186497896446666,0.10033697106365884,0.10602831847224979,0.03635872551954313,0.12016116624545581,0.09451137383361877,0.10778726874660037,0.1090932169865907,0.12017267976267212,0.12014723368656173,0.11785850579372427,0.11944109057418587,0.013282419131689689,0.12016544255044483,0.11908264371948216,0.1197819658392662,0.09577576952562315,0.036430659637490204,0.07205745588497334,0.11931492162081343,0.11324199556944217,0.06645347136693482,0.11903353591642057,0.12016970697479948,0.12014174849169221,0.04855383466790475,0.09743710337341069,0.07924434201427788,0.08163339695582947,0.1047687916323181,0.06864349236128231,0.10778436466894468,0.10729155966817348,0.0686955220353568,0.045362528779047284,0.12020765190260611,0.1186847286194687,0.1195775757386537,0.11381593319416577,0.09724199368851967,0.0938269978383677,0.9996112183300447,0.9997284247120005,0.9997836735823644,0.9998747315962556,0.999829197727735,-2030.436448415548,0.9998152832209769,-2030.3159353323301,0.9987009871930256,-2030.3696026147675,0.9996960175440194,-2030.3345103193556,-2030.527281271915,0.9998010160877857,-2031.064952371511,0.9997291536613129,-2030.430898979266,0.9997300967501968,-2030.3098983183409,-2030.8482768211838,0.9964820200141551,0.9996874526496793,0.9996931985437207,0.9995620580954332,0.9997116175855332,0.999198210266685,0.9998329818484917,0.9995128222949118,0.9998112904196904,0.9997390227629052,0.9998621677939776,0.9998090564701767,0.9995983787492374,0.9997620895042121,0.9996757195926558,0.9998343130293628,0.9997553552351268,0.9997778011485403,0.9997984412213349,0.9997920447447392,0.999776319321886,0.9997807085602104,0.9994305910845073,0.9997179240300949,0.9996233405345916,0.9998121369323815,0.9997428421176647,0.9997488585988159,0.9997356228256505,0.9998360445439531,0.9996917847414252,0.999832050193566,0.9998282411738335,-2030.187516208088,-2030.2844443845177,-2030.6570634049333,-2030.262894391803,1,-2030.6137457576162,-2031.8262231407916,-2030.4206671381007,-2032.8119463472606,-2030.5336930234935,-2030.5208227348874,0.9996297425134101,-2030.646464672091,-2031.161180087896,-2030.1959396476652,-2030.7446356708097,-2030.2198052185117,-2030.3161698372373,-2030.1809997618668,-2030.761682568107,-2030.7657280305637,-2030.3934603175821,0.9997641629373296,0.9997638324586761,0.999726144651384,-2034.2219990680546,0.9997841331101106,-2030.6694154095994,0.9998054282155338,-2030.4572246467483,0.9998277101614145,-2030.5910416275838,0.9997440214814198,-2030.6235796172273,0.9998169317045479,-2030.6628843135234,0.9998015145537826,0.999666728671107,-2030.2179116036132,0.9997740949265249,-2030.9559738790913,-2030.3459985822005,-2030.458599973777,-2030.251873338928,0.999757707343903,0.9998103696825781,0.9997876915770465,0.9995520907617885,-2030.6933850211897,0.9997355059336671,-2029.8701724971588,0.9998572146055024,-2030.237280164794,0.9997148302611828,-2030.4818822624297,0.9998012951050265,-2030.5781339962414,0.9998352496063154,-2030.3569322866185,0.999702085603351,-2030.3158970383092,0.999649868632178,-2030.2618349531535,-2030.3286938466654,-2030.3713093918404,0.12009476434434675,0.11940471603239831,0.11334598240113315,0.10536157616979953,0.9996460992582364,0.05382486115456822,0.9997513431183526,0.11704702009514734,0.12014450245342609,0.12012734409969139,0.9997514907784274,0.9996725364845136,0.10452401500334668,0.9999657242833917,0.04446159105940209,0.9998095438607332,0.999768009446646,0.9997059690007231,0.9997551462032287,0.9997374666455241,-2030.235186286297,-2030.3632901487822,0.9998003430111453,-2037.1100943043073,-2030.603799796766,-2031.2548482717589,-2030.335237517539,-2030.5429475926123,-2030.5290365575252,-2030.5565171592457,-2030.43096799158,0.12021746885766293,0.10575633684287458,0.10349974406309503,0.9997044891708722,0.1187271690091571,0.9997523477465979,0.03867108993954063,0.9997605640227069,0.1199727760664642,0.11908593989933652,0.9997323040953662,0.12020858000630874,0.9997444146128501,0.119492145271268,0.9991229145396822,0.060646172659379737,0.9997233465741849,0.999814507224191,0.9997516332994075,0.9997061400848708,-2030.552025900998,-2030.4288776092885,-2030.37657347323,-2031.0161436738204,-2030.2435683068327,-2030.161535883378,-2030.3759115204105,-2030.7010129928942,-2030.1853155309286,-2030.2941341692808,0.12019717475469288,0.1202495764818831,0.999809888685052,0.11332344675365397,0.9998526639633022,0.1201495145097578,0.9997545474132512,0.12015941531551533,0.9998125959978006,0.1062884198590421,0.9997836146702757,0.031572107288188316,0.9997535768504401,0.1153014411525498,0.9998125672575783,0.05956874794722139,0.9995293860315188,0.10542061553885992,0.9996677758873904,0.9997748133646658,-2031.2675326187714,-2030.425197461397,-2030.2057862555766,-2030.2570277108096,-2029.8860512754718,-2030.4200108981404,-2030.3092352775952,-2030.6353440829753,-2031.426713571241,-2030.5501424822492,0.03849890545639903,0.12018361309914263,0.11965655567715244,0.1174184088525344,0.11632431478756212,0.11508364789115563,0.11412674156465875,0.12006076736343035,0.11977662337821632,0.11073152290592556,-2030.242410004277,-2030.208291909839,-2030.1978067997493,-2030.2346956880515,-2030.5976817820224,-2030.294648131768,-2030.543256072101,-2030.1808247618856,-2030.2414229201827,-2030.7547913173294,25,6,0.9998101741702459,10,0.9998450196160156,18,15,20,0.9993901660651273,8,0.9997597680731235,12,0.9997620053396006,17,0.9997290067144452,0.9996136625708946,0.999653383066814,0.9997522590343404,0.9998334108688899,16,0.9995096624314557,9,15,-2030.917708707565,-2030.194706870631,-2030.2046199216848,20,0.9994636173372454,14,0.9997795924631883,15,0.9997992103956913,20,7,0.9997707246388825,8,0.999793613499397,3,0.9998239650720421,14,0.999471293581061,0.9997853327713568,0.9997181049200035,0.9998162741132157,0.9997573546985759,-2030.4027129091248,-2030.2757289747947,-2030.3887063899506,-2030.4923668716879,-2030.3323800147205,-2030.274361703223,-2030.6315662385182,-2030.5354948687868,-2030.3006261715668,0.9999633841013706,0.998482512127098,0.99981916167204,0.9998324713573843,0.9995887566213308,0.999777064460463,0.9997375295964841,0.9995535508804199,0.9997814008567751,0.9993475777822961,0.999828653409916,-2030.4891610988088,-2030.5036789599394,-2030.875014131038,-2030.5073834064128,-2030.43803137723,-2030.2785343155092,-2030.2909483835826,-2030.3502213682561,0.9998156890668,-2030.3522868734296,0.9993089690775075,0.9997562702726097,0.9998102296102046,0.9998378169786842,0.9922845110753178,0.9998345760248143,0.9998092597533986,0.9997981831970699,-2030.4227806938077,0.9997692659559392,0.9997184761904185,-2030.438938068591,-2030.3991803821152,-2030.2875643126672,-2030.6594818902472,-2030.305055322868,-2030.658898850158,-2030.1978358290419,-2030.4890397933673,0.11122071247107179,0.1198883099267171,0.11974682134875418,0.11957711266863942,0.1202518059765609,0.11947552875613845,0.10179449385862259,15,0.10899565432528568,11,0.12017204982924003,7,15,0.11982066555645317,0.03537125997732868,0.12016606160082818,5,0.09036166257765188,0.10977039083122164,0.1201837895107952,4,0.05888461131164091,0.12024564747900957,20,8,18,18,23311,0.11882713771258215,0.1202371069310962,0.11988567602300743,0.11942731749969408,0.11812817877655836,0.11098205035048248,0.11868660138986065,0.09523328501628961,0.11902126397424069,9,18,17,17,20,15,24,18,5,14,0.11819337966855163,0.05173796605803204,0.1201802321553561,0.12028000191182817,0.12019593703902551,0.05080915118690602,0.11142588511369143,0.11998781891706722,0.12012004244462014,15,25,17,12,21,23,12,9,12,14,0.11090700298691167,0.0923159478181916,0.0771297028319073,0.05597368710200965,0.12005496837036128,0.09535722660210341,0.11574172192881216,0.12002914576468214,0.11855072191386322,23,20,14,18,10,15,18,3,21,19,0.12021447570886697,0.10196219376344513,0.12008225078934877,0.0864927445907404,0.11789841522303214,0.06933313054723379,0.12022449561676268,0.024359335782306694,0.11765470207528643,0.10356002315577378,0.12018875531911083,0.11369264639426824,0.12019823439661292,0.11904552541098563,20,0.09566103293405169,0.008184001681924381,0.11407617540194438,0.07525543525976805,0.07969563733045379,14,12,17,26,25,13,6,24,0.11547145174298654,0.06295967694945392,0.08548647500251037,0.06295135107343926,11,0.11503067118209086,0.0331683959186731,0.021133128894980483,0.11940231857663355,0.1148372062177117,0.08624825267049618,0.1044044230891638,12,0.11780087600087366,12,0.12024152839722989,0.12020746769195005,0.09563347572345143,0.11509000656543052,0.12008156055285203,22,12,17,21,24,7,12,9,0.12008451277546621,18,0.11823779536812828,0.12003094228235471,19,0.11983066368279803,5,0.07565210908257683,0.1200706272725836,0.11773385843283032,0.11389908248007129,0.11815521778369642,19,10,0.12018556047023174,17,19,16,21,16,12,0.1169534931753974,9,0.11709405290017325,16,0.11823936382399548,17,0.11026494559680337,0.11146091503507703,0.09800619414761293,0.11976273809833457,0.11827887055418271,5,9,0.11834753796786364,0.12016244024987423,23,20,10,5,0.11988290327205979,0.1119369708257334,0.1145265185937507,0.0539379930992816,0.09734759828772313,0.1201779694425846,0.07221421608847245,0.10225092501102671,0.12024188347863791,0.11549849845240441,0.0985467458049219,0.11848694684551161,0.11791000220868952,0.11970031956860976,0.023071254789295382,0.11828530244057282,0.09597578709251166,0.07612017985987025,0.11891917377390908,0.11942684958655195,22,13,16,20,13,19,15,14,17,22,0.11865251407847745,0.11113299132927396,0.11776625795912318,0.11832110161277694,0.05571167633976898,0.11968527619557717,0.11957735819934238,0.12005020063623179,0.0967934985179678,11,0.061121909510384854,17,16,13,20,13,16,26,18,18,0.08511793847132282,0.1140241474634154,0.12020737882579946,0.12013118015776224,0.11099977969389248,0.1202231919477837,0.08754131039759125,0.12015485246521895,0.1202494129891401,0.117810854085499,0.11213177929405996,0.10825787120058486,0.020203645905114954,0.12021925860957644,0.12026811913536564,0.11746636850295197,0.11836709897267451,0.10661587898975311,0.09353482186576266,0.11257926782517573,0.09918234194758123,0.11125552424760429,0.11731070400585208,0.07289715620674153,0.07030450610608018,0.07940636775289676,0.01635079890054286,0.03299053196775322,0.11992741885473583,0.08780757323247676,0.11922974643129569,0.1069215577243573,0.04544921984611615,0.06212976650533638,0.09597954547314293,0.11774581822527247,0.10408186112521897,0.1198303106130184,0.11986666955096115,0.10109050731928229,0.999824531112675,0.9998209105852196,0.999797392309208,0.9999835578411626,0.9999979668652208,0.9995493103069817,0.9999392749498343,0.9998369744353428,0.9997804538821959,0.9998259780342597,0.9997895527541202,random_mc2_n5_mid3_d1000_05_mr098_r10_72_uai,0.9993948963350873,0.9998111807092489,0.9998373396758459,0.9997508460616892,0.9997981790648522,0.9997032994366242,0.9997806657499974,0.9996631799219444,0.9995746587204251,0.9998146935097669,0.9995951302247689,0.9996216999089664,0.9999709317879897,0.9995890506795331,0.9997714762849809,0.9997607471779485,0.9997083310722202,0.9998263147268848,0.9996177644842416,0.9996398216427801,0.9996961856151939,0.9996826058642665,0.999752464203091,0.9999727188473905,0.9997567241890427,0.9997080061783888,0.9997320408743305,0.9997483821146926,0.9996434696451831,0.9998149886252687,0.9994184442066902,0.9997505090699855,0.9989837457784756,-2030.6142736848847,-2030.220690830472,-2037.8904689721737,-2030.392196021561,-2030.3291106657314,-2030.3041986666012,-2030.4191120690525,-2030.575338192342,-2030.273805023128,-2030.3689335051376,-2030.3673794929796,-2030.3378340443937,-2030.3183924030623,-2030.2793822806602,-2030.5620241093334,-2030.6721938851506,-2032.4024447592678,-2030.6789622612985,-2030.273575415475,-2030.3513388014767,-2030.7348261876666,-2030.4022158270939,-2030.2463380521995,-2030.3938616440773,-2030.5786391856052,-2030.2759111454616,-2031.114498506211,-2030.1752584984629,-2031.14444073231,-2030.2368668335462,0.9997246916391475,0.9998210017427254,-2030.2159846179507,-2030.3248010996647,-2030.3426348413789,-2030.3710857416972,-2030.2747780052462,-2030.443664012329,-2030.2577818101213,-2030.5405784240966,-2030.2937211029655,-2030.217487275418,-2030.199073506597,-2030.629026148681,-2030.22988437512,-2030.6675634998483,-2030.4358036660317,-2030.2570221431615,-2030.4975388396708,-2029.935853091275,-2030.2221831415104,-2030.2723258832646,-2030.7741739171393,-2030.860667654119,-2030.2094938903751,-2030.2504755403725,-2030.2886582052854,-2030.2728763421164,-2030.4263233216639,-2030.281377242717,-2030.5194763067925,-2030.251001185767,-2030.216081663125,-2030.2048573900474,-2034.2171283219227,-2030.3527203243302,-2030.3620380842608,-2030.2694099456737,-2030.459219384487,-2030.800407623556,-2030.332714602148,-2030.6000593055473,0.9997510767677076,-2030.2440982522407,-2030.4629866079424,-2030.08142842116,0.9997359177836403,0.9996316010718661,0.9997914777722812,0.9997575755777026,0.9998128685135845,0.9997338396370908,0.9998200009992928,0.9997563359876395,0.9998098010900394,0.9996508289229942,-2030.9886137806616,-2030.4958625335528,-2030.6266013451525,-2030.260901764912,-2030.563363728894,-2030.2497031611856,-2030.24049926217,-2030.6295532120403,-2030.9377759920199,0.9998330099749141,-2030.3800580404074,-2030.3702850069326,-2030.4368596186903,-2035.40188438571,-2030.8245715270764,-2030.5267150688962,-2030.521904032326,-2030.392338824402,-2030.5078961115478,-2030.2726737314429,-2030.4376943322736,-2030.2183863153305,-2030.6255965141145,-2030.9868968735173,-2035.8279790948257,-2030.705227717986,-2030.3762533877916,-2036.2257674981424,0.11095414036692301,0.11917786297549833,0.12014476440159882,0.06949894531696903,0.1201608276525362,0.1165045218329855,0.12020295208551772,0.08988893531884215,-2030.543763592474,-2032.5514144305248,-2030.4431446805875,-2030.3667592930265,-2030.3373513536335,-2030.4108556149858,-2030.5906402257665,-2030.3480095128107,-2030.578946313677,-2030.2814543052755,-2030.2270659557103,-2030.2272279074384,-2030.207546111352,-2030.002826471636,-2030.4913096837076,-2030.3478213427966,-2030.15773209777,-2030.2595585552017,-2030.384769666031,-2030.4017697245624,-2030.3465553229898,-2030.3597534447963,-2030.6024214877946,-2030.2777077627627,22,17,19,21,5,6,16,21,9,31,-2030.3490727338076,-2030.3905397660692,-2030.394760338513,-2030.219787265176,-2030.1933717743345,-2030.2342704890607,0.12019234638929764,0.042408885384178995,0.0029957875855907592,0.1016586999633716,0.12026903363135537,0.11267732485432631,0.11464055641408644,0.06738116874819727,11,0.12017519137984431,12,17,16,9,17,16,10,15,6,0.1197213947496972,20,17,6,5,21,10,29,10,17,12,0.9997301686874792,0.9993648452694028,0.9998115899146832,0.9997923625006359,0.999806925734774,0.9997342821400236,0.9995664247029891,0.9993795776777303,0.9998419305107442,0.9996433088384878,0.9996449339029541,0.9997618700178686,0.9997935127126221,0.9997552201632662,0.999593922749794,0.9995972544680717,0.9997714433989534,0.9997906531721115,0.9997473217084215,0.9987462645335887,0.9996514884210979,19,15,7,17,19,12,15,13,14,23,9,18,11,15,20,22,18,18,20,16,13,17,15,16,18,18,20,11,21,15,0.06202037670767247,0.1006757067680863,0.11477069347945136,0.06198540054926246,0.11662019661992482,0.10628237584179608,0.10267331538246972,0.07928959527521132,0.03320928427517197,0.07303425340918329,17,17,17,14,17,16,18,14,16,21,0.11622606520613113,0.11969877093510237,0.9997316632831972,0.12011470884182644,0.9997547533280817,0.07013604787965516,0.1109725067709599,0.042761578439766995,0.9996037989844767,0.11847766501242527,0.9997866240290147,0.11887311344208736,0.9996035119796425,0.12019976367526221,0.9997120877041027,12,0.12009561661029225,0.9997493352943292,0.10926676434092898,0.999654199515719,18,0.9997160118869255,13,0.9996608799330363,0.9998124175186122,19,6,17,20,9,24,19,0.11569404000920266,0.11996025235535422,0.12025650984556323,0.9996802127302623,0.12025296647292152,0.999664549012684,0.11426619716077172,0.9997801919412517,0.08901091947784279,0.11723424297103209,0.999791070744192,0.1125674615666351,0.9994974262858701,0.12029042843175095,0.9996783889191947,0.12018826934478886,0.9996873603766427,18,0.08455789357795093,0.999720043053614,16,0.9998308115146576,6,0.9996874200999483,21,0.9997780109006608,14,19,6,16,16,16,0.11251017845042602,0.055440791038499984,0.12005878352156611,0.10519626076158112,0.9997924522090627,0.12015921429658809,0.9998323524649005,0.040845634447460394,0.9998274704992811,0.12018081451250182,0.999476414543655,0.1200309856099388,0.999793125511067,0.11731685127320984,0.9997368205132264,0.11931595647054292,0.9996857820547149,0.999729923934111,23,18,0.999784957593552,14,0.9997557703933118,20,0.9997125341251699,12,18,5,9,25,16,0.11995310047691954,0.12017506682503551,0.11483554659605182,0.09132161553978466,0.12003985341519202,0.05716170765796818,0.08330367539254262,0.02264735816486496,0.11715088048556296,0.1201675737213754,17,19,23,0.9996172538045859,19,0.9997645556524766,3,11,18,20,16,13,0.12016760939427976,0.058363047381502386,0.11821293628059287,0.12003997970445279,0.11972758538564124,0.09995440241552765,0.09859151736214355,0.04433244567643102,0.11904711240274957,0.12014721300111739,0.9998391891866716,0.9997831357138627,0.99981955602173,-2030.2880867142003,0.9997933996440097,-2030.171983257168,0.9997465565176881,-2029.9755495013123,0.9997218493790553,-2030.2808938649364,0.9997784327419287,-2030.5440674304757,0.9960566481063262,-2030.2843566722893,0.9997351022672554,0.9996257664675757,-2030.3814357397237,0.9997661655290342,-2030.3623204816404,-2031.3472997986123,-2030.2798437276224,0.10480998265924159,0.12015729444651972,0.11946325182198986,0.1202375974831141,0.051394027073391864,0.10072340248482635,0.11728323930990947,0.11963245376815733,0.10770422217261084,0.11096101716934888,0.9996153940918056,0.9999843825996048,0.9997214068208294,0.9998256621357535,0.9998093462267292,0.9995565975818811,0.9996607280648719,0.999633934355171,0.9998308258109893,0.9998126591193586,0.9998088601291587,0.06565383995045172,0.11890989093197926,0.10882562766615679,0.12001252101047247,0.12007741810437278,0.11978975751692676,0.11348640813208084,0.11820906736382446,0.11813199409890959,0.1199702556945285,0.99958306847969,0.9998082897142708,0.9998486888133302,0.9994279740487603,0.9997188531102458,0.9992259805246804,0.9996573378142999,0.999775952580307,0.9998268961079199,0.999801661576312,0.999304285199352,0.09607904810057791,0.08488788268367517,0.11506096640584829,0.09830877334117888,0.109919973607827,0.11732074682121602,0.11736316819138004,0.09085173966787259,0.10821958584935566,0.9996309225538785,0.11817182047135383,0.9996677285509709,0.9993105254416018,0.9997631485794067,0.9964382167697555,0.999717041122015,0.9998369775428159,0.999783388805776,0.9997431205791997,0.9997427946382949,0.9996564105918754,16,0.1182234995845823,18,7,8,16,10,13,22,13,8,-2030.4023619281447,-2030.2011126954558,-2030.2583384792486,-2030.4042772968132,0.09338870325953554,0.03477334088101623,0.10489616004609903,0.10973241418521033,-2030.2393446636233,0.12025626665187025,-2030.285396422912,0.10672686398850986,-2030.47157746917,0.11644718412346207,-2030.3462877271022,0.1081850948919569,-2030.2293671616326,0.044027557518700654,-2032.494586229871,19,8,8,7,18,17,14,21,15,14,-2030.565314343215,-2030.7639476650381,-2030.1888241402835,-2030.459252775463,-2030.2577718895845,-2030.3338486853631,-2030.4333678854578,-2030.3331775450868,-2030.3913762035913,-2030.14422467626,-2029.854349732252,-2030.5310675194833,-2030.4103884770225,-2030.2260197490705,-2030.257326263592,-2030.3130077414435,-2030.374081881896,-2030.2041332746703,-2030.6061968789625,-2030.2926226862767,-2030.249378976831,-2030.4270844214122,-2030.6192016752038,18,0.9997222788499209,17,0.9997364134352961,5,0.9991802155009013,17,0.9997427121948442,15,0.9997865094820109,0.9997040777923583,26,0.9997278373790215,32,0.9980287512933318,0.9994064760694698,0.99978741181125,0.9996541238207963,14,6,17,-2030.391138804354,-2031.0108254036995,-2030.3764770474331,-2030.3642582569853,-2030.556670915245,-2030.2357560493724,-2031.059832347089,-2030.2859645481003,0.9998431877595422,-2030.6699099213608,16,0.9996415078306903,20,0.9997207580839367,16,0.999740176749588,24,0.9997992739396778,7,0.9997007278667072,21,0.9997045518435396,18,0.9998219544147235,6,0.999495740442166,-2030.1872100021287,0.9996577506418364,0.9996647234667224,17,15,-2030.3510644910348,-2030.2420113082871,-2030.512805251857,-2030.1907258834397,-2030.2030550258628,-2030.3373883069212,-2030.4801747043298,-2030.1953206433773,19,0.9998152557245243,0.9996897565053255,18,0.9996940496395169,18,0.9995636275491978,21,0.9997552634162388,12,0.9997277020042276,14,0.9998040663009419,16,0.9998008321759054,22,0.9997301151553095,8,0.999758835918354,-2030.2995770497078,-2030.3054812783046,0.9999596266606683,14,-2030.439892890994,-2037.0205472482264,-2030.477303125793,-2030.7436974948205,-2030.3084905121905,-2030.4889736808316,-2030.2635671772207,-2030.2765564117908,11,16,23,19,18,14,8,17,11,18,-2030.1341676030947,-2031.4831720830305,-2030.3842337998303,-2030.1086582032926,-2030.4057577606723,-2030.2935558639415,-2030.2374749940873,-2030.6438268303318,-2030.1934288859488,-2030.8437315207677,0.11436400961108838,0.1196401313341859,0.11918730044481188,0.12013078567195891,0.11194581750735744,0.061060947273233294,0.06630604425901253,0.10198744570244371,7,0.12015346109915853,16,13,6,10,16,14,5,12,7,0.11388520828751728,0.11832708791410884,0.07545928303393876,0.12028404698939639,-2030.4842942755902,0.12020773528479804,0.07292229417183217,-2030.4072255503713,0.12005748719742744,-2030.2294229960532,0.12016300445201096,-2030.7405089450842,0.12002614738964307,-2030.3512509612476,16,12,18,16,20,7,13,18,5,16,-2030.3439957774194,-2030.475574466212,-2030.2587119422592,-2030.4023245482726,-2030.2521445449538,0.06622568994356437,0.12017911932060489,0.08663815589958233,0.1124265217082726,0.11929412072357702,0.08287644712942258,0.03781038845742921,-2030.2618762000845,0.12015856578038536,-2030.1727056627437,0.11869793580984947,-2030.4213284744314,-2030.3818901545296,15,17,23,14,21,18,9,22,22,20,-2030.8784395962175,-2030.5822975850756,-2030.4542436953293,-2030.2158206962856,-2029.9363050395173,0.11993238358845669,-2030.4620104296837,0.11839710455809566,0.11826597776340148,0.11945128489053962,0.11588645873132164,0.11066386601429741,0.09910214999247753,0.11422926127438993,-2030.3767409075595,0.11440075831890549,-2030.3895331343022,-2031.5197581395882,7,13,18,15,14,19,26,10,17,21,-2033.8636007247205,-2030.418239820957,-2030.455206519483,-2030.406950609583,0.11328268200103704,-2030.5351405148622,0.12020568462795148,-2030.2877969256851,0.12020846738165483,0.12005965515682084,-2030.5493039282412,0.11505795339111798,0.1202750698158693,0.11363904334167302,0.10730688700206645,0.11921830178263804,0.1201658812468904,0.07320260896198418,0.01662970623289862,0.11973690877259377,0.1202380698082147,0.11830066795646631,0.05838775414789328,0.12014341347258678,0.11882687699769781,0.11996554059672605,0.09509804448007914,0.11747298807432403,0.08948727214637973,0.12021573938068128,0.12014715044414141,0.12018593734129071,0.06126265724595834,0.11756722973460323,0.11642449521083238,0.06532020765527101,0.11443131994802379,0.10490639147667179,0.12021719322048409,0.10133254308142203,0.12011602689127854,0.11801990536059012,0.11715051633223081,0.11590536146545648,0.09859370832620713,0.09714980876892737,0.12022755864350367,0.11779977078930409,0.048913026866856266,0.11547234077815512,0.1152554610698496,0.99982602942257,0.9998164164837974,0.9998163367281944,0.9997569521806278,0.12016867644677982,0.10985867083897191,0.12014547614511632,0.12020731148617214,0.1025148523091504,0.049426681279105905,0.06021614778731742,0.12010633937270104,0.10366600467278131,0.12025097605921828,0.12004948058310322,0.12018112996808646,0.016785016683266357,0.12006114926132715,0.11843144311532619,0.0481440937887932,0.03908556130979259,0.11861235440064515,/mnt/beegfs/rcabanas/dev/credici/papers/journalEM/models/synthetic/s12/random_mc2_n5_mid3_d1000_05_mr098_r10_72.uai,0.04012477403567795,0.12021571020642124,0.1026799605328769,0.10190762046164102,0.11113066588741004,0.12005979392345194,0.06129573566219839,0.11980653331961195,0.12024470748465745,0.12018068188792207,0.12002758088598588,0.11976504317431355,0.9997476270932685,0.999756859524453,0.9997621077004473,0.9997259146437311,0.9997100165301955,0.9997682876320294,0.999783592213212,0.9998211336738838,0.9998012902196541,0.9997595060554078,0.9998218736881009,0.9998206909239262,0.9996781364994705,0.9995809938468077,0.9996201925243207,0.9994423661014218,0.9997127000736592,0.9986730644651229,0.9996431576409577,0.9997896328254798,0.9996374008237169,0.9996604782065854,0.9997458910433773,0.9996182447563804,0.9994665389198156,0.9996688714648991,0.999713111056038,0.9972744769983685,0.99974107886547,0.9997939567405881,0.9997429522460832,0.9968709669293114,0.9970657494523535,0.9996840610152732,0.999700247244247,/mnt/beegfs/rcabanas/dev/credici/papers/journalEM/models/synthetic/s12/random_mc2_n5_mid3_d1000_05_mr098_r10_72_info.csv,0.9998881430637567,0.9998080287388478,0.9998052685695175,0.9996196978743465,0.9997997537989792,0.999441521217444,0.9996712400399385,0.9997350319532522,0.9995222522868658,0.9995341453114975,0.999843543538412,0.9992650444035306,0.9997904259372498,0.9997498127579183,0.9997882035890077,0.9999402949611439,0.9997899088081983,0.9997863667797756,0.9997404004990426,0.9996603286236008,0.9998505621702585,0.9999268588509104,0.99968630254736,0.99973875890831,0.9997303883396513,0.999800415261565,0.9997896707740852,0.9997938569663513,0.9998273535517762,0.9997643908968934,0.999632763936021,0.9997021020434886,0.9997955639722551,0.9978553033848115,0.9997545398949212,0.9998218258961993,0.9997499518103244,0.999959849293317,0.9997136309689134,0.9998016643181047,0.999504486970527,0.999672435264817,0.9998046293520932,0.9997182987716215,0.9997860853572333,0.9998250701914303,0.9998048882081829,0.9995470573751131,0.9996620463047445,0.9997929205063528,0.9997097608318214,0.9997454967650623,0.9996185042139885,0.9998188211062256,0.9997941280360847,0.9996832357118806,0.9998150285119148,0.9995995337778508,0.9998302019842076
