ll_206,ll_205,ll_208,ll_207,ll_209,ll_200,datasize,ll_202,ll_201,ll_204,ll_203,exactPath,ll_240,ll_249,ll_242,stop_criteria,ll_241,ll_244,ll_243,ll_246,ll_245,ll_248,ll_247,ll_239,ll_238,ll_231,ll_230,ll_233,ll_232,ll_235,ll_234,ll_237,ll_236,ll_228,ll_227,ll_229,ll_220,ll_222,ll_221,ll_224,ll_223,ll_226,ll_225,ll_217,ll_216,ll_219,ll_218,ll_211,ll_210,ll_213,ll_212,ll_215,ll_214,ll_280,ll_282,ll_281,ll_284,ll_283,ll_286,ll_285,ll_288,ll_287,ll_289,ll_271,ll_270,ll_273,ll_272,ll_275,ll_274,ll_277,ll_276,ll_279,ll_278,ll_260,ll_262,ll_261,ll_264,ll_263,ll_266,ll_265,ll_268,ll_267,ll_269,ll_251,ll_250,ll_253,ll_252,ll_255,ll_254,ll_257,ll_256,ll_259,ll_258,iter_438,iter_439,iter_436,iter_437,iter_430,iter_431,iter_434,iter_435,iter_432,iter_433,iter_427,iter_428,iter_425,iter_426,iter_429,iter_420,iter_423,iter_424,iter_421,iter_422,iter_416,iter_417,iter_414,iter_415,iter_418,iter_419,iter_412,iter_413,iter_410,iter_411,ll_291,ll_290,ll_293,ll_292,ll_295,ll_294,iter_405,iter_406,iter_403,iter_404,iter_409,iter_407,iter_408,time_pns,iter_401,iter_402,iter_400,ll_297,ll_296,ll_299,ll_298,ratio_62,pns_349,ratio_63,pns_348,ratio_64,pns_347,ratio_65,pns_346,ratio_66,pns_345,ratio_67,pns_344,ratio_68,pns_343,ratio_69,pns_342,pns_341,iter_359,pns_340,iter_353,ratio_722,iter_354,ratio_721,iter_351,ratio_720,iter_352,iter_357,ratio_726,iter_358,ratio_725,iter_355,ratio_724,iter_356,ratio_723,ratio_729,ratio_728,ratio_727,iter_350,ratio_60,ratio_61,pns_339,ratio_51,pns_338,ratio_52,pns_337,ratio_53,pns_336,ratio_54,pns_335,ratio_55,pns_334,ratio_56,pns_333,ratio_57,pns_332,ratio_58,pns_331,ratio_59,pns_330,iter_348,iter_349,ratio_740,iter_342,ratio_733,iter_343,ratio_732,iter_340,ratio_731,iter_341,ratio_730,iter_346,ratio_737,iter_347,ratio_736,iter_344,ratio_735,iter_345,ratio_734,ratio_739,ratio_738,ratio_50,pns_328,ratio_40,pns_327,ratio_41,pns_326,ratio_42,pns_325,ratio_43,pns_324,ratio_44,pns_323,ratio_45,pns_322,ratio_46,pns_321,ratio_47,iter_339,pns_320,ratio_48,ratio_49,iter_337,iter_338,ratio_751,ratio_750,iter_331,ratio_744,iter_332,ratio_743,ratio_742,iter_330,ratio_741,iter_335,ratio_748,iter_336,ratio_747,iter_333,ratio_746,iter_334,ratio_745,ratio_749,pns_329,pns_317,pns_316,ratio_30,pns_315,ratio_31,pns_314,ratio_32,pns_313,ratio_33,pns_312,ratio_34,pns_311,ratio_35,pns_310,ratio_36,iter_328,ratio_37,iter_329,ratio_38,iter_326,ratio_39,iter_327,ratio_762,ratio_761,ratio_760,iter_320,ratio_755,iter_321,ratio_754,ratio_753,ratio_752,iter_324,ratio_759,iter_325,ratio_758,iter_322,ratio_757,iter_323,ratio_756,pns_319,pns_318,pns_306,pns_305,pns_304,pns_303,pns_302,pns_301,pns_300,iter_397,iter_398,iter_395,iter_396,iter_399,iter_390,iter_393,iter_394,pns_309,iter_391,pns_308,iter_392,pns_307,ratio_95,ratio_96,ratio_97,ratio_98,ratio_99,iter_386,iter_387,iter_384,iter_385,pns_u,iter_388,iter_389,ratio_90,iter_382,ratio_91,pns_l,iter_383,ratio_92,iter_380,ratio_93,iter_381,ratio_94,ratio_84,ratio_85,ratio_86,ratio_87,ratio_88,ratio_89,iter_375,ratio_700,iter_376,iter_373,iter_374,iter_379,ratio_704,ratio_703,iter_377,ratio_702,iter_378,ratio_701,ratio_708,ratio_707,ratio_706,ratio_705,iter_371,ratio_80,iter_372,ratio_81,ratio_82,iter_370,ratio_83,ratio_709,ratio_73,ratio_74,ratio_75,ratio_76,ratio_77,ratio_78,ratio_79,iter_364,pns_8,ratio_711,iter_365,pns_9,ratio_710,iter_362,pns_6,iter_363,pns_7,iter_368,pns_4,ratio_715,iter_369,pns_5,ratio_714,iter_366,pns_2,ratio_713,iter_367,pns_3,ratio_712,pns_0,ratio_719,pns_1,ratio_718,ratio_717,ratio_716,iter_360,iter_361,ratio_70,ratio_71,ratio_72,pns_399,pns_398,pns_397,pns_396,pns_395,pns_394,pns_393,pns_392,pns_391,pns_390,ratio_20,ratio_21,ratio_22,pns_389,ratio_23,pns_388,ratio_24,pns_387,ratio_25,pns_386,ratio_26,pns_385,ratio_27,pns_384,ratio_28,pns_383,ratio_29,pns_382,ratio_773,pns_381,ratio_772,pns_380,ratio_771,ratio_770,ratio_766,ratio_765,ratio_764,ratio_763,ratio_769,ratio_768,ratio_767,ratio_10,pns_379,ratio_11,pns_378,ratio_12,pns_377,ratio_13,pns_376,ratio_14,pns_375,ratio_15,ratio_780,pns_374,ratio_16,pns_373,ratio_17,pns_372,ratio_18,pns_371,ratio_19,ratio_784,pns_370,ratio_783,ratio_782,ratio_781,ratio_777,ratio_776,ratio_775,ratio_774,ratio_779,ratio_778,pns_369,pns_368,pns_367,pns_366,pns_365,pns_364,ratio_791,pns_363,ratio_790,pns_362,pns_361,pns_360,ratio_795,ratio_794,ratio_793,ratio_792,ratio_788,ratio_787,ratio_786,ratio_785,ratio_789,pns_359,pns_358,pns_357,pns_356,pns_355,pns_354,pns_353,pns_352,pns_351,pns_350,ratio_799,ratio_798,ratio_797,ratio_796,ll_129,ll_128,ll_121,ll_120,ll_123,ll_122,ll_125,ll_124,ll_127,ll_126,ll_118,ll_117,ll_119,ll_110,ll_112,ll_111,ll_114,ll_113,ll_116,ll_115,ll_107,ll_106,ll_109,ll_108,ll_101,ll_100,ll_103,ll_102,ll_105,ll_104,ll_161,ll_160,ll_163,ll_162,ll_165,ll_164,ll_167,ll_166,ll_169,ll_168,ll_150,ll_152,ll_151,ll_154,ll_153,ll_156,ll_155,ll_158,ll_157,ll_159,ll_141,ll_140,ll_143,ll_142,ll_145,ll_144,ll_147,ll_146,ll_149,ll_148,ll_130,ll_139,ll_132,ll_131,ll_134,ll_133,ll_136,ll_135,ll_138,ll_137,iter_317,iter_318,iter_315,iter_316,iter_319,iter_310,iter_313,iter_314,iter_311,iter_312,ll_190,ll_192,ll_191,ll_194,ll_193,ll_196,ll_195,iter_306,iter_307,iter_304,iter_305,iter_308,iter_309,iter_302,iter_303,iter_300,iter_301,ll_198,ll_197,ll_199,ll_181,ll_180,ll_183,ll_182,ll_185,iter_max,ll_184,ll_187,ll_186,ll_189,ll_188,ll_170,ll_172,ll_171,ll_174,ll_173,ll_176,ll_175,ll_178,ll_177,ll_179,pns_229,pns_228,pns_227,pns_226,pns_225,pns_224,pns_223,pns_222,pns_221,pns_220,iter_238,iter_239,iter_232,ratio_601,iter_233,ratio_600,iter_230,iter_231,iter_236,ratio_605,iter_237,ratio_604,iter_234,ratio_603,iter_235,ratio_602,ratio_609,ratio_608,ratio_607,ratio_606,pns_218,pns_217,pns_216,pns_215,pns_214,pns_213,pns_212,pns_211,iter_229,pns_210,iter_227,iter_228,iter_221,ratio_612,iter_222,ratio_611,ratio_610,iter_220,iter_225,ratio_616,iter_226,ratio_615,iter_223,ratio_614,iter_224,ratio_613,ratio_619,ratio_618,ratio_617,pns_219,pns_207,pns_206,pns_205,pns_204,pns_203,pns_202,pns_201,pns_200,iter_218,iter_219,iter_216,iter_217,ratio_630,iter_210,ratio_623,iter_211,ratio_622,ratio_621,ratio_620,iter_214,ratio_627,iter_215,ratio_626,iter_212,ratio_625,iter_213,ratio_624,ratio_629,ratio_628,pns_209,pns_208,iter_207,iter_208,iter_205,iter_206,ratio_641,ratio_640,iter_209,ratio_634,iter_200,ratio_633,ratio_632,ratio_631,iter_203,ratio_638,iter_204,ratio_637,iter_201,ratio_636,iter_202,ratio_635,ratio_639,iter_10,iter_11,iter_16,ll_918,iter_17,ll_917,iter_18,iter_19,ll_919,iter_12,iter_13,iter_14,iter_15,iter_276,ll_921,iter_277,ll_920,iter_274,ll_923,iter_275,ll_922,ll_925,ll_924,iter_278,ll_927,iter_279,ll_926,iter_272,iter_273,iter_270,iter_271,ll_907,ll_906,ll_909,ll_908,iter_265,ll_910,iter_266,iter_263,ll_912,iter_264,ll_911,iter_269,ll_914,ll_913,iter_267,ll_916,iter_268,ll_915,iter_261,iter_262,iter_260,iter_30,iter_31,iter_32,iter_33,iter_38,iter_39,iter_34,iter_35,iter_36,iter_37,iter_254,iter_255,iter_252,ll_901,iter_253,ll_900,iter_258,ll_903,iter_259,ll_902,iter_256,ll_905,iter_257,ll_904,iter_250,iter_251,iter_20,iter_21,iter_22,iter_27,iter_28,iter_29,iter_249,iter_23,iter_24,iter_25,iter_26,iter_243,iter_244,iter_241,iter_242,iter_247,iter_248,iter_245,iter_246,iter_240,iter_52,iter_53,iter_54,iter_55,iter_50,iter_51,ratio_692,ratio_691,ratio_690,iter_56,ratio_696,iter_57,ratio_695,iter_58,ratio_694,iter_59,ratio_693,ratio_689,ll_965,ratio_688,ll_964,ratio_687,ll_967,ratio_686,ll_966,ll_969,ll_968,ll_961,ll_960,ll_963,ll_962,iter_41,iter_42,iter_43,iter_44,iter_40,pns_299,iter_49,pns_298,pns_297,pns_296,pns_295,iter_45,pns_294,iter_46,pns_293,iter_47,pns_292,iter_48,pns_291,ll_954,ratio_699,ll_953,ratio_698,ll_956,ratio_697,ll_955,ll_958,ll_957,ll_959,ll_950,ll_952,ll_951,iter_74,iter_75,iter_76,iter_77,iter_70,iter_71,iter_72,pns_289,iter_73,pns_288,pns_287,pns_286,ll_939,pns_285,pns_284,iter_78,pns_283,iter_79,pns_282,pns_281,pns_280,iter_298,pns_290,ll_943,iter_299,ll_942,iter_296,ll_945,iter_297,ll_944,ll_947,ll_946,ll_949,ll_948,iter_290,iter_291,iter_80,iter_294,iter_295,iter_292,ll_941,iter_293,ll_940,iter_63,iter_64,iter_65,iter_66,iter_60,pns_279,iter_61,pns_278,iter_62,pns_277,pns_276,ll_929,pns_275,ll_928,pns_274,pns_273,iter_67,pns_272,iter_68,pns_271,iter_69,pns_270,iter_287,ll_932,iter_288,ll_931,iter_285,ll_934,iter_286,ll_933,ll_936,ll_935,iter_289,ll_938,ll_937,iter_280,iter_283,iter_284,iter_281,ll_930,iter_282,iter_96,iter_97,iter_98,iter_99,iter_92,pns_269,iter_93,pns_268,iter_94,pns_267,iter_95,pns_266,pns_265,pns_264,pns_263,threshold,pns_262,pns_261,ratio_652,pns_260,ratio_651,ratio_650,ratio_645,ratio_644,ratio_643,ratio_642,ratio_649,ratio_648,ratio_647,ratio_646,iter_85,iter_86,iter_87,iter_88,pns_259,iter_81,pns_258,iter_82,pns_257,iter_83,pns_256,iter_84,pns_255,pns_254,pns_253,pns_252,pns_251,iter_89,pns_250,ratio_663,ratio_662,ratio_661,ratio_660,ratio_656,ll_998,ratio_655,ll_997,ratio_654,ratio_653,ll_999,ratio_659,ratio_658,ratio_657,ll_990,iter_90,ll_992,iter_91,ll_991,ll_994,ll_993,ll_996,ll_995,pns_249,pns_248,pns_247,pns_246,pns_245,pns_244,pns_243,ratio_670,pns_242,pns_241,pns_240,ratio_674,ratio_673,ratio_672,ratio_671,ratio_667,ll_987,ratio_666,ll_986,ratio_665,ll_989,ratio_664,ll_988,ratio_669,ratio_668,ll_981,ll_980,ll_983,ll_982,ll_985,ll_984,pns_239,pns_238,pns_237,pns_236,pns_235,pns_234,pns_233,pns_232,ratio_681,pns_231,ratio_680,pns_230,ratio_685,ratio_684,ratio_683,ratio_682,ratio_678,ll_976,ratio_677,ll_975,ratio_676,ll_978,ratio_675,ll_977,ll_979,ratio_679,ll_970,ll_972,ll_971,ll_974,ll_973,trueState,ll_89,ll_90,ll_91,ll_96,ll_97,ll_98,ll_99,ll_92,ll_93,ll_94,ll_95,ll_78,ll_79,ll_80,ll_85,ll_86,ll_87,ll_88,ll_81,ll_82,ll_83,ll_84,ll_899,ll_898,ll_891,ll_890,ll_893,ll_892,ll_895,ll_894,ll_897,ll_896,pns_625,pns_624,pns_623,pns_622,pns_621,pns_620,iter_636,iter_637,iter_634,iter_635,iter_638,iter_639,iter_632,iter_633,iter_630,iter_631,pns_629,pns_628,pns_627,pns_626,pns_614,pns_613,pns_612,pns_611,pns_610,iter_625,iter_626,iter_623,iter_624,iter_629,iter_627,iter_628,iter_621,iter_622,iter_620,pns_619,pns_618,pns_617,pns_616,pns_615,pns_603,pns_602,pns_601,pns_600,iter_614,iter_615,iter_612,iter_613,iter_618,iter_619,iter_616,iter_617,iter_610,ratio_902,iter_611,ratio_901,ratio_900,ratio_906,ratio_905,pns_609,ratio_904,pns_608,ratio_903,pns_607,pns_606,ratio_909,pns_605,ratio_908,pns_604,ratio_907,iter_609,iter_603,iter_604,iter_601,iter_602,iter_607,iter_608,iter_605,iter_606,ratio_913,iter_600,ratio_912,ratio_911,ratio_910,ratio_917,ratio_916,ratio_915,ratio_914,ratio_919,ratio_918,iter_678,iter_679,iter_672,iter_673,iter_670,iter_671,iter_676,iter_677,iter_674,iter_675,iter_669,iter_667,iter_668,iter_661,iter_662,iter_660,iter_665,iter_666,iter_663,iter_664,iter_658,iter_659,iter_656,iter_657,iter_650,iter_651,iter_654,iter_655,iter_652,iter_653,iter_647,iter_648,iter_645,iter_646,iter_649,iter_640,iter_643,iter_644,iter_641,iter_642,pns_589,pns_588,pns_587,pns_586,pns_585,pns_584,pns_583,pns_582,pns_581,pns_580,ratio_971,ratio_970,iter_595,ratio_964,iter_596,ratio_963,iter_593,ratio_962,iter_594,ratio_961,iter_599,ratio_968,ratio_967,iter_597,ratio_966,iter_598,ratio_965,ratio_969,iter_591,iter_592,iter_590,pns_579,pns_578,pns_577,pns_576,pns_575,pns_574,pns_573,pns_572,pns_571,pns_570,ratio_982,ratio_981,ratio_980,iter_584,ratio_975,iter_585,ratio_974,iter_582,ratio_973,iter_583,ratio_972,iter_588,ratio_979,iter_589,ratio_978,iter_586,ratio_977,iter_587,ratio_976,iter_580,iter_581,pns_569,pns_568,pns_567,pns_566,pns_565,pns_564,pns_563,pns_562,pns_561,iter_579,pns_560,ratio_993,ratio_992,ratio_991,ratio_990,iter_573,ratio_986,iter_574,ratio_985,iter_571,ratio_984,iter_572,ratio_983,iter_577,iter_578,ratio_989,iter_575,ratio_988,iter_576,ratio_987,iter_570,pns_559,pns_558,pns_557,pns_556,pns_555,pns_554,pns_553,pns_552,pns_551,pns_550,iter_568,iter_569,iter_562,ratio_997,iter_563,ratio_996,iter_560,ratio_995,iter_561,ratio_994,iter_566,iter_567,iter_564,ratio_999,iter_565,ratio_998,pns_548,pns_547,pns_546,pns_545,pns_544,pns_543,pns_542,pns_541,pns_540,ratio_920,ll_800,ll_802,ll_801,ratio_924,ll_804,ratio_923,ll_803,ratio_922,ll_806,ratio_921,ll_805,ratio_928,ratio_927,ratio_926,ratio_925,pns_549,ratio_929,pns_537,pns_536,pns_535,pns_534,pns_533,pns_532,pns_531,pns_530,ratio_931,ratio_930,ratio_935,ratio_934,ratio_933,ratio_932,ratio_939,ratio_938,ratio_937,ratio_936,pns_539,pns_538,pns_526,pns_525,pns_524,pns_523,pns_522,pns_521,pns_520,ratio_942,ratio_941,ratio_940,ratio_946,ratio_945,ratio_944,ratio_943,ratio_949,ratio_948,ratio_947,pns_529,pns_528,pns_527,pns_515,pns_514,pns_513,pns_512,pns_511,pns_510,ratio_960,ratio_953,ratio_952,ratio_951,ratio_950,ratio_957,ratio_956,ratio_955,ratio_954,ratio_959,ratio_958,pns_519,pns_518,pns_517,pns_516,ll_844,ll_843,ll_846,ll_845,ll_848,ll_847,ll_849,ll_10,ll_11,ll_840,ll_842,ll_841,ll_829,ratio_102,ratio_101,ratio_100,ll_833,ll_832,ll_835,ll_834,ll_837,ll_836,ll_839,ll_838,ll_831,ll_830,ll_27,ll_28,ll_29,ll_23,ll_24,ll_25,ll_26,ll_819,ll_818,ratio_113,ratio_112,ratio_111,ratio_110,ratio_106,ll_822,ratio_105,ll_821,ratio_104,ll_824,ratio_103,ll_823,ll_826,ratio_109,ll_825,ratio_108,ll_828,ratio_107,ll_827,ll_30,ll_31,ll_32,ll_33,ll_820,ll_16,ll_17,ll_18,ll_19,ll_12,ll_13,ll_14,ll_15,ratio_120,ll_808,ll_807,ll_809,ratio_124,ratio_123,ratio_122,ratio_121,ratio_117,ll_811,ratio_116,ll_810,ratio_115,ll_813,ratio_114,ll_812,ll_815,ll_814,ratio_119,ll_817,ratio_118,ll_816,ll_20,ll_21,ll_22,ll_49,ll_45,ll_46,ll_47,ll_48,ll_888,ll_887,ll_889,ll_52,ll_880,ll_53,ll_54,ll_882,ll_55,ll_881,ll_884,ll_883,ll_50,ll_886,ll_51,ll_885,ll_38,ll_39,ll_34,ll_35,ll_36,ll_37,ll_877,ll_876,ll_879,ll_878,effect,ll_41,ll_42,ll_43,ll_871,ll_44,ll_870,ll_873,ll_872,ll_875,ll_40,ll_874,ll_67,ll_68,ll_69,ll_866,ll_865,ll_868,ll_867,ll_869,ll_74,ll_75,ll_76,ll_860,ll_77,ll_70,ll_862,ll_71,ll_861,ll_72,ll_864,ll_73,ll_863,pns_599,ll_56,pns_598,ll_57,pns_597,ll_58,pns_596,ll_59,pns_595,pns_594,pns_593,pns_592,pns_591,pns_590,ll_855,ll_854,ll_857,ll_856,ll_859,ll_858,ll_63,ll_64,ll_65,ll_66,ll_851,ll_60,ll_850,ll_61,ll_853,ll_62,ll_852,ll_790,ll_799,ll_792,ll_791,ll_794,ll_793,ll_796,ll_795,ll_798,ll_797,ll_789,ll_788,ll_781,ll_780,ll_783,ll_782,ll_785,ll_784,ll_787,ll_786,ll_778,ll_777,ll_779,ll_770,ll_772,ll_771,ll_774,ll_773,ll_776,ll_775,pns_504,pns_503,pns_502,pns_501,pns_500,iter_515,iter_516,iter_513,iter_514,iter_519,iter_517,iter_518,iter_511,iter_512,iter_510,pns_509,pns_508,pns_507,pns_506,pns_505,iter_504,iter_505,iter_502,iter_503,iter_508,iter_509,iter_506,iter_507,iter_500,iter_501,iter_559,iter_557,iter_558,iter_551,iter_552,iter_550,iter_555,iter_556,iter_553,iter_554,iter_548,iter_549,iter_546,iter_547,iter_540,iter_541,iter_544,iter_545,iter_542,iter_543,iter_537,iter_538,iter_535,iter_536,iter_539,iter_530,iter_533,iter_534,iter_531,iter_532,iter_526,iter_527,iter_524,iter_525,iter_528,iter_529,iter_522,iter_523,iter_520,iter_521,pns_469,pns_468,pns_467,pns_466,pns_465,pns_464,pns_463,pns_462,pns_461,pns_460,ratio_850,iter_474,ratio_843,iter_475,ratio_842,iter_472,ratio_841,iter_473,ratio_840,iter_478,ratio_847,iter_479,ratio_846,iter_476,ratio_845,iter_477,ratio_844,ratio_849,ratio_848,iter_470,iter_471,pns_459,pns_458,pns_457,pns_456,pns_455,pns_454,pns_453,pns_452,pns_451,iter_469,pns_450,ratio_861,ratio_860,iter_463,ratio_854,iter_464,ratio_853,iter_461,ratio_852,iter_462,ratio_851,iter_467,ratio_858,iter_468,ratio_857,iter_465,ratio_856,iter_466,ratio_855,ratio_859,iter_460,pns_449,pns_448,pns_447,pns_446,pns_445,pns_444,pns_443,pns_442,pns_441,pns_440,iter_458,iter_459,ratio_872,ratio_871,ratio_870,iter_452,ratio_865,iter_453,ratio_864,iter_450,ratio_863,iter_451,ratio_862,iter_456,ratio_869,iter_457,ratio_868,iter_454,ratio_867,iter_455,ratio_866,pns_438,pns_437,pns_436,pns_435,pns_434,pns_433,pns_432,pns_431,iter_449,pns_430,iter_447,iter_448,ratio_883,ratio_882,ratio_881,ratio_880,iter_441,ratio_876,iter_442,ratio_875,ratio_874,iter_440,ratio_873,iter_445,iter_446,ratio_879,iter_443,ratio_878,iter_444,ratio_877,pns_439,pns_427,pns_426,pns_425,pns_424,pns_423,pns_422,pns_421,pns_420,ratio_803,ratio_802,ratio_801,ratio_800,ratio_807,ratio_806,ratio_805,ratio_804,pns_429,ratio_809,pns_428,ratio_808,pns_416,pns_415,pns_414,pns_413,pns_412,pns_411,pns_410,ratio_810,ratio_814,ratio_813,ratio_812,ratio_811,ratio_818,ratio_817,ratio_816,ratio_815,pns_419,pns_418,pns_417,ratio_819,pns_405,pns_404,pns_403,pns_402,pns_401,pns_400,iter_496,ratio_821,iter_497,ratio_820,iter_494,iter_495,ratio_825,ratio_824,iter_498,ratio_823,iter_499,ratio_822,ratio_829,ratio_828,ratio_827,ratio_826,iter_492,pns_409,iter_493,pns_408,iter_490,pns_407,iter_491,pns_406,iter_485,ratio_832,iter_486,ratio_831,iter_483,ratio_830,iter_484,iter_489,ratio_836,ratio_835,iter_487,ratio_834,iter_488,ratio_833,ratio_839,ratio_838,ratio_837,iter_481,iter_482,iter_480,ll_719,ll_723,ll_722,ll_725,ll_724,ll_727,ll_726,ll_729,ll_728,ll_721,ll_720,method,ll_709,ll_708,ll_712,ll_711,ll_714,ll_713,ll_716,ll_715,ll_718,ll_717,exact,ll_710,ll_701,ll_700,ll_703,ll_702,ll_705,ll_704,ll_707,ll_706,ratio_890,ratio_894,ratio_893,ratio_892,ratio_891,ratio_887,ll_767,ratio_886,ll_766,ratio_885,ll_769,ratio_884,ll_768,ratio_889,ratio_888,ll_761,ll_760,ll_763,ll_762,ll_765,ll_764,pns_499,pns_498,pns_497,pns_496,pns_495,pns_494,pns_493,pns_492,pns_491,pns_490,ratio_898,ll_756,ratio_897,ll_755,ratio_896,ll_758,ratio_895,ll_757,ll_759,ratio_899,ll_750,ll_752,ll_751,ll_754,ll_753,pns_489,pns_488,pns_487,pns_486,pns_485,pns_484,pns_483,pns_482,pns_481,pns_480,ll_745,ll_744,ll_747,ll_746,ll_749,ll_748,ll_741,ll_740,ll_743,ll_742,pns_479,pns_478,pns_477,pns_476,pns_475,pns_474,pns_473,pns_472,pns_471,pns_470,ll_734,ll_733,ll_736,ll_735,ll_738,ll_737,ll_739,ll_730,ll_732,ll_731,ratio_292,ratio_291,ratio_290,ll_680,ratio_296,ratio_295,ratio_294,ratio_293,ratio_299,ratio_298,ratio_297,ll_689,ll_682,ll_681,ll_684,ll_683,ll_686,ll_685,ll_688,ll_687,ll_679,ll_678,ll_671,ll_670,ll_673,ll_672,ll_675,ll_674,ll_677,ll_676,ll_668,ll_667,ll_669,ll_660,ll_662,ll_661,ll_664,ll_663,ll_666,ll_665,ll_657,ll_656,ll_659,ll_658,ll_651,ll_650,ll_653,ll_652,ll_655,ll_654,iter_834,ratio_252,iter_835,ratio_251,iter_832,ratio_250,iter_833,iter_838,ratio_256,iter_839,ratio_255,iter_836,ratio_254,iter_837,ratio_253,ratio_249,ratio_248,ratio_247,ratio_246,iter_830,iter_831,iter_829,iter_823,ratio_263,iter_824,ratio_262,iter_821,ratio_261,iter_822,ratio_260,iter_827,ratio_267,iter_828,ratio_266,iter_825,ratio_265,iter_826,ratio_264,ratio_259,ratio_258,ratio_257,iter_820,iter_818,iter_819,ratio_270,iter_812,ratio_274,iter_813,ratio_273,iter_810,ratio_272,iter_811,ratio_271,iter_816,ratio_278,iter_817,ratio_277,iter_814,ratio_276,iter_815,ratio_275,ratio_269,ratio_268,iter_809,iter_807,iter_808,ratio_281,ratio_280,ll_691,ll_690,iter_801,ratio_285,iter_802,ratio_284,ratio_283,iter_800,ratio_282,iter_805,ratio_289,iter_806,ratio_288,iter_803,ratio_287,iter_804,ratio_286,ratio_279,ll_693,ll_692,ll_695,ll_694,ll_697,ll_696,ll_699,ll_698,pns_867,pns_866,pns_865,pns_864,pns_863,pns_862,pns_861,pns_860,iter_878,iter_879,iter_876,iter_877,iter_870,iter_871,iter_874,iter_875,iter_872,iter_873,pns_869,pns_868,pns_856,pns_855,pns_854,pns_853,pns_852,pns_851,pns_850,iter_867,iter_868,iter_865,iter_866,iter_869,iter_860,iter_863,iter_864,iter_861,iter_862,pns_859,pns_858,pns_857,pns_845,pns_844,pns_843,pns_842,pns_841,pns_840,iter_856,iter_857,iter_854,iter_855,iter_858,iter_859,iter_852,iter_853,iter_850,iter_851,pns_849,pns_848,pns_847,pns_846,pns_834,pns_833,pns_832,pns_831,pns_830,iter_845,iter_846,iter_843,iter_844,iter_849,iter_847,iter_848,iter_841,iter_842,iter_840,pns_839,pns_838,pns_837,pns_836,pns_835,pns_823,pns_822,pns_821,pns_820,pns_829,pns_828,pns_827,pns_826,pns_825,pns_824,pns_812,pns_811,pns_810,pns_819,pns_818,pns_817,pns_816,pns_815,pns_814,pns_813,pns_801,pns_800,cause,iter_898,iter_899,iter_892,iter_893,iter_890,iter_891,iter_896,iter_897,iter_894,iter_895,pns_809,pns_808,pns_807,pns_806,pns_805,pns_804,pns_803,pns_802,iter_889,iter_887,iter_888,iter_881,iter_882,iter_880,iter_885,iter_886,iter_883,iter_884,pns_799,pns_798,pns_797,pns_796,pns_795,pns_794,pns_793,pns_792,pns_791,pns_790,pns_789,pns_788,pns_787,pns_786,pns_785,pns_784,pns_783,pns_782,pns_781,pns_780,pns_779,pns_778,pns_777,pns_776,pns_775,pns_774,pns_773,pns_772,pns_771,pns_770,pns_768,pns_767,pns_766,pns_765,pns_764,pns_763,pns_762,pns_761,pns_760,pns_769,pns_757,pns_756,pns_755,pns_754,pns_753,pns_752,pns_751,pns_750,pns_759,pns_758,ratio_333,ratio_332,ratio_331,ratio_330,ratio_326,ll_602,ratio_325,ll_601,ratio_324,ll_604,ratio_323,ll_603,ll_606,ratio_329,ll_605,ratio_328,ll_608,ratio_327,ll_607,ll_600,ratio_340,ratio_344,ratio_343,ratio_342,ratio_341,ratio_337,ratio_336,ratio_335,ratio_334,ratio_339,ratio_338,ratio_351,ratio_350,ratio_355,ratio_354,ratio_353,ratio_352,ratio_348,ratio_347,ratio_346,ratio_345,ratio_349,ratio_362,ratio_361,ratio_360,ratio_366,ratio_365,ratio_364,ratio_363,ratio_359,ratio_358,ratio_357,ratio_356,ll_646,ll_645,ll_648,ll_647,falseState,ll_649,ll_640,ll_642,ll_641,ll_644,ll_643,ratio_300,ll_635,ll_634,ll_637,ll_636,ll_639,ll_638,ll_631,ll_630,ll_633,ll_632,ratio_311,ratio_310,ratio_304,ll_624,ratio_303,ll_623,ratio_302,ll_626,ratio_301,ll_625,ratio_308,ll_628,ratio_307,ll_627,ratio_306,ratio_305,ll_629,ratio_309,ll_620,ll_622,ll_621,ll_609,ratio_322,ratio_321,ratio_320,ratio_315,ll_613,ratio_314,ll_612,ratio_313,ll_615,ratio_312,ll_614,ratio_319,ll_617,ratio_318,ll_616,ratio_317,ll_619,ratio_316,ll_618,ll_611,ll_610,pns_91,pns_92,pns_90,pns_95,ratio_171,pns_96,ratio_170,pns_93,pns_94,pns_99,ratio_175,ratio_174,pns_97,ratio_173,pns_98,ratio_172,ratio_179,ratio_178,ratio_177,ratio_176,ll_569,ll_568,ratio_169,ll_561,ll_560,ll_563,ll_562,ll_565,ll_564,ll_567,ll_566,pns_80,pns_81,pns_84,ratio_182,pns_85,ratio_181,pns_82,ratio_180,pns_83,pns_88,ratio_186,pns_89,ratio_185,pns_86,ratio_184,pns_87,ratio_183,ratio_189,ratio_188,ratio_187,ll_558,ll_557,ll_559,ll_550,ll_552,ll_551,ll_554,ll_553,ll_556,ll_555,pns_70,pns_73,ratio_193,pns_74,ratio_192,pns_71,ratio_191,pns_72,ratio_190,pns_77,ratio_197,pns_78,ratio_196,pns_75,ratio_195,pns_76,ratio_194,pns_79,ratio_199,ratio_198,ll_547,ll_546,ll_549,ll_548,ll_541,ll_540,ll_543,ll_542,ll_545,ll_544,pns_62,pns_63,pns_60,pns_61,pns_66,pns_67,pns_64,pns_65,pns_68,pns_69,ll_536,ll_535,ll_538,ll_537,ll_539,ll_530,ll_532,ll_531,ll_534,ll_533,iter_719,iter_713,ratio_131,iter_714,ratio_130,iter_711,iter_712,iter_717,ratio_135,iter_718,ratio_134,iter_715,ratio_133,iter_716,ratio_132,ratio_128,ratio_127,ratio_126,ratio_125,iter_710,ratio_129,iter_708,iter_709,ll_590,ll_592,ll_591,iter_702,ratio_142,iter_703,ratio_141,iter_700,ratio_140,iter_701,iter_706,ratio_146,iter_707,ratio_145,iter_704,ratio_144,iter_705,ratio_143,ratio_139,ratio_138,ratio_137,ratio_136,ll_594,ll_593,ll_596,ll_595,ll_598,ll_597,ll_599,ll_581,ll_580,ratio_153,ratio_152,ratio_151,ratio_150,ratio_157,ratio_156,ratio_155,ratio_154,ratio_149,ratio_148,ratio_147,ll_583,ll_582,ll_585,ll_584,ll_587,ll_586,ll_589,ll_588,ratio_160,ll_570,ratio_164,ratio_163,ratio_162,ratio_161,ratio_168,ratio_167,ratio_166,ratio_165,ll_579,ratio_159,ratio_158,ll_572,ll_571,ll_574,ll_573,ll_576,ll_575,ll_578,ll_577,pns_746,pns_745,pns_744,pns_743,pns_742,pns_741,pns_740,iter_757,pns_11,iter_758,pns_12,iter_755,iter_756,pns_10,pns_15,pns_16,iter_759,pns_13,pns_14,pns_19,iter_750,pns_17,pns_18,iter_753,iter_754,iter_751,iter_752,time_learn,pns_749,pns_748,pns_747,pns_735,pns_734,pns_733,pns_732,pns_731,pns_730,iter_746,iter_747,iter_744,iter_745,iter_748,iter_749,iter_742,iter_743,iter_740,iter_741,pns_739,pns_738,pns_737,pns_736,pns_724,pns_723,pns_722,pns_721,pns_720,iter_735,iter_736,iter_733,iter_734,iter_739,iter_737,iter_738,iter_731,iter_732,iter_730,pns_729,pns_728,pns_727,pns_726,pns_725,pns_713,pns_712,pns_711,pns_710,iter_724,iter_725,iter_722,iter_723,iter_728,iter_729,iter_726,iter_727,iter_720,iter_721,pns_719,pns_718,pns_717,pns_716,pns_715,pns_714,pns_702,pns_701,pns_700,pns_51,pns_52,pns_50,pns_55,pns_56,iter_799,pns_53,pns_54,pns_59,pns_57,pns_58,iter_793,iter_794,iter_791,iter_792,iter_797,iter_798,iter_795,iter_796,pns_709,pns_708,pns_707,pns_706,iter_790,pns_705,pns_704,pns_703,pns_40,pns_41,pns_44,pns_45,iter_788,pns_42,iter_789,pns_43,pns_48,pns_49,pns_46,pns_47,iter_782,iter_783,iter_780,iter_781,iter_786,iter_787,iter_784,iter_785,pns_30,iter_779,pns_33,pns_34,iter_777,pns_31,iter_778,pns_32,pns_37,pns_38,pns_35,pns_36,iter_771,iter_772,pns_39,iter_770,iter_775,iter_776,iter_773,iter_774,iter_768,pns_22,iter_769,pns_23,iter_766,pns_20,iter_767,pns_21,pns_26,pns_27,pns_24,pns_25,iter_760,iter_761,pns_28,pns_29,iter_764,iter_765,iter_762,iter_763,pns_699,pns_698,pns_697,pns_696,pns_695,pns_694,pns_693,pns_692,pns_691,pns_690,pns_689,pns_688,pns_687,pns_686,pns_685,pns_684,pns_683,pns_682,pns_681,pns_680,iter_694,iter_695,iter_692,iter_693,iter_698,iter_699,iter_696,iter_697,iter_690,iter_691,pns_679,pns_678,pns_677,pns_676,pns_675,pns_674,pns_673,pns_672,pns_671,iter_689,pns_670,iter_683,iter_684,iter_681,iter_682,iter_687,iter_688,iter_685,iter_686,iter_680,pns_669,pns_668,pns_667,pns_666,pns_665,pns_664,pns_663,pns_662,pns_661,pns_660,pns_658,pns_657,pns_656,pns_655,pns_654,pns_653,pns_652,pns_651,pns_650,pns_659,pns_647,pns_646,pns_645,pns_644,pns_643,pns_642,pns_641,pns_640,pns_649,pns_648,pns_636,pns_635,pns_634,pns_633,pns_632,pns_631,pns_630,pns_639,pns_638,pns_637,ratio_212,ratio_211,ratio_210,ratio_205,ratio_204,ratio_203,ratio_202,ratio_209,ratio_208,ratio_207,ratio_206,modelID,ratio_223,ratio_222,ratio_221,ratio_220,ratio_216,ratio_215,ratio_214,ratio_213,ratio_219,ratio_218,ratio_217,ratio_230,ratio_234,ratio_233,ratio_232,ratio_231,ratio_227,ratio_226,ratio_225,ratio_224,ratio_229,ratio_228,ratio_241,ratio_240,ratio_245,ratio_244,ratio_243,ratio_242,ratio_238,ratio_237,ratio_236,ratio_235,ratio_239,ll_525,ll_524,ll_527,ll_526,ll_529,ll_528,ll_521,ll_520,ll_523,ll_522,ll_514,ll_513,ll_516,ll_515,ll_518,ll_517,ll_519,ll_510,ll_512,ll_511,ll_503,ll_502,ll_505,ll_504,ll_507,ll_506,ll_509,ll_508,ll_501,ll_500,ratio_201,ratio_200,ll_448,ll_447,ll_449,ll_440,ll_442,ll_441,ll_444,ll_443,ll_446,ll_445,ll_437,ll_436,ll_439,ll_438,ll_431,ll_430,ll_433,ll_432,ll_435,ll_434,ll_426,ll_425,ll_428,ll_427,ll_429,ll_420,ll_422,ll_421,ll_424,ll_423,ll_415,ll_414,ll_417,ll_416,ll_419,ll_418,ll_411,ll_410,ll_413,ll_412,ratio_490,ll_480,ll_482,ll_481,ratio_494,ratio_493,ratio_492,ratio_491,ratio_498,ratio_497,ratio_496,ratio_495,ratio_489,ratio_488,ll_484,ll_483,ll_486,ll_485,ll_488,ll_487,ll_489,ll_471,ll_470,ratio_499,ll_473,ll_472,ll_475,ll_474,ll_477,ll_476,ll_479,ll_478,ll_460,ll_469,ll_462,ll_461,ll_464,ll_463,ll_466,ll_465,ll_468,ll_467,pns_199,pns_198,pns_197,pns_196,pns_195,pns_194,pns_193,pns_192,ll_459,ll_458,ll_451,ll_450,ll_453,ll_452,ll_455,ll_454,ll_457,ll_456,ll_1,ll_2,ll_0,ll_5,ll_6,ll_3,ll_4,ll_9,ll_7,ll_8,ll_491,ll_490,ll_493,ll_492,iter_9,iter_8,iter_7,iter_6,iter_5,iter_4,iter_3,iter_2,iter_1,iter_0,ll_495,ll_494,ll_497,ll_496,ll_499,ll_498,pns_108,pns_107,pns_106,pns_105,pns_104,pns_103,pns_102,pns_101,iter_119,pns_100,iter_117,iter_118,iter_111,iter_112,iter_110,iter_115,iter_116,iter_113,iter_114,pns_109,iter_108,iter_109,iter_106,iter_107,iter_100,iter_101,iter_104,iter_105,iter_102,iter_103,ratio_502,ratio_501,ratio_500,ratio_506,ratio_505,ratio_504,ratio_503,ratio_509,ratio_508,ratio_507,ratio_520,ratio_513,ratio_512,ratio_511,ratio_510,ratio_517,ratio_516,ratio_515,ratio_514,ratio_519,ratio_518,iter_155,iter_156,iter_153,iter_154,iter_159,iter_157,iter_158,iter_151,iter_152,iter_150,iter_144,iter_145,iter_142,iter_143,iter_148,iter_149,iter_146,iter_147,iter_140,iter_141,iter_139,iter_133,iter_134,iter_131,iter_132,iter_137,iter_138,iter_135,iter_136,iter_130,pns_999,pns_998,pns_997,pns_996,pns_995,pns_994,pns_993,pns_992,pns_991,pns_990,iter_128,iter_129,iter_122,iter_123,iter_120,iter_121,iter_126,iter_127,iter_124,iter_125,pns_189,pns_188,ratio_571,pns_187,ratio_570,pns_186,pns_185,pns_184,ratio_575,pns_183,ratio_574,pns_182,ratio_573,pns_181,ratio_572,iter_199,pns_191,ratio_568,pns_190,ratio_567,iter_197,ratio_566,iter_198,ratio_565,ratio_569,iter_191,iter_192,iter_190,iter_195,iter_196,iter_193,iter_194,pns_179,pns_178,pns_177,ratio_582,pns_176,ratio_581,pns_175,ratio_580,pns_174,pns_173,ratio_586,pns_172,ratio_585,pns_171,ratio_584,pns_170,ratio_583,iter_188,pns_180,ratio_579,iter_189,ratio_578,iter_186,ratio_577,iter_187,ratio_576,iter_180,iter_181,iter_184,iter_185,iter_182,iter_183,pns_169,pns_168,pns_167,pns_166,ratio_593,pns_165,ratio_592,pns_164,ratio_591,pns_163,ratio_590,pns_162,ratio_597,pns_161,ratio_596,pns_160,ratio_595,ratio_594,iter_177,iter_178,ratio_589,iter_175,ratio_588,iter_176,ratio_587,iter_179,iter_170,iter_173,iter_174,iter_171,iter_172,pns_159,pns_158,pns_157,pns_156,pns_155,pns_154,pns_153,pns_152,pns_151,pns_150,iter_166,iter_167,iter_164,ratio_599,iter_165,ratio_598,iter_168,iter_169,iter_162,iter_163,iter_160,iter_161,pns_149,pns_148,pns_147,pns_146,pns_145,pns_144,pns_143,pns_142,pns_141,pns_140,ratio_531,ratio_530,ratio_524,ll_404,ratio_523,ll_403,ratio_522,ll_406,ratio_521,ll_405,ratio_528,ll_408,ratio_527,ll_407,ratio_526,ratio_525,ll_409,ratio_529,ll_400,ll_402,ll_401,pns_139,pns_138,pns_137,pns_136,pns_135,pns_134,pns_133,pns_132,pns_131,pns_130,ratio_542,ratio_541,ratio_540,ratio_535,ratio_534,ratio_533,ratio_532,ratio_539,ratio_538,ratio_537,ratio_536,pns_129,pns_128,pns_127,pns_126,pns_125,pns_124,pns_123,pns_122,pns_121,pns_120,ratio_553,ratio_552,ratio_551,ratio_550,ratio_546,ratio_545,ratio_544,ratio_543,ratio_549,ratio_548,ratio_547,pns_119,pns_118,pns_117,pns_116,pns_115,pns_114,pns_113,pns_112,pns_111,ratio_560,pns_110,ratio_564,ratio_563,ratio_562,ratio_561,ratio_557,ratio_556,ratio_555,ratio_554,ratio_559,ratio_558,iter_919,pns_900,iter_917,iter_918,iter_911,iter_912,iter_910,iter_915,iter_916,iter_913,iter_914,ll_327,ll_326,ll_329,ll_328,pns_909,pns_908,pns_907,pns_906,ll_321,pns_905,ll_320,pns_904,ll_323,pns_903,ll_322,pns_902,ll_325,pns_901,ll_324,iter_908,iter_909,iter_906,iter_907,iter_900,iter_901,iter_904,iter_905,iter_902,iter_903,ll_316,ll_315,ll_318,ll_317,ll_319,ll_310,ll_312,ll_311,ll_314,ll_313,ll_max,ll_305,ll_304,ll_307,ll_306,ll_309,ll_308,ll_301,ll_300,ll_303,ll_302,ll_361,ll_360,iter_955,ratio_373,iter_956,ratio_372,iter_953,ratio_371,iter_954,ratio_370,iter_959,ratio_377,ratio_376,iter_957,ratio_375,iter_958,ratio_374,ratio_369,ratio_368,ratio_367,iter_951,iter_952,iter_950,ll_363,ll_362,ll_365,ll_364,ll_367,ll_366,ll_369,ll_368,ratio_380,ll_350,iter_944,ratio_384,iter_945,ratio_383,iter_942,ratio_382,iter_943,ratio_381,iter_948,ratio_388,iter_949,ratio_387,iter_946,ratio_386,iter_947,ratio_385,ll_359,ratio_379,ratio_378,iter_940,iter_941,ll_352,ll_351,ll_354,ll_353,ll_356,ll_355,ll_358,ll_357,iter_939,ratio_391,ratio_390,iter_933,ratio_395,iter_934,ratio_394,iter_931,ratio_393,iter_932,ratio_392,iter_937,ratio_399,iter_938,ratio_398,iter_935,ratio_397,iter_936,ratio_396,ll_349,ll_348,ratio_389,iter_930,ll_341,ll_340,ll_343,ll_342,ll_345,ll_344,ll_347,ll_346,iter_928,iter_929,iter_922,iter_923,iter_920,iter_921,iter_926,iter_927,iter_924,iter_925,ll_338,ll_337,ll_339,ll_330,ll_332,ll_331,ll_334,ll_333,ll_336,ll_335,pns_988,pns_987,pns_986,pns_985,pns_984,pns_983,pns_982,pns_981,iter_999,pns_980,iter_997,iter_998,iter_991,iter_992,iter_990,iter_995,iter_996,iter_993,iter_994,pns_989,pns_977,pns_976,pns_975,ll_390,pns_974,pns_973,ll_392,pns_972,ll_391,pns_971,ll_394,pns_970,ll_393,iter_988,iter_989,iter_986,iter_987,iter_980,iter_981,iter_984,iter_985,iter_982,iter_983,ll_396,ll_395,ll_398,ll_397,ll_399,pns_979,pns_978,pns_966,pns_965,pns_964,pns_963,pns_962,ll_381,pns_961,ll_380,pns_960,ll_383,ll_382,iter_977,iter_978,iter_975,iter_976,iter_979,iter_970,iter_973,iter_974,iter_971,iter_972,ll_385,ll_384,ll_387,ll_386,ll_389,pns_969,ll_388,pns_968,pns_967,pns_955,pns_954,pns_953,pns_952,pns_951,ll_370,pns_950,ll_372,ll_371,iter_966,iter_967,iter_964,iter_965,iter_968,iter_969,iter_962,iter_963,iter_960,iter_961,ll_374,ll_373,ll_376,ll_375,pns_959,ll_378,pns_958,ll_377,pns_957,pns_956,ll_379,pns_944,pns_943,pns_942,pns_941,pns_940,pns_949,pns_948,pns_947,pns_946,pns_945,pns_933,pns_932,pns_931,pns_930,pns_939,pns_938,pns_937,pns_936,pns_935,pns_934,pns_922,pns_921,pns_920,pns_929,pns_928,pns_927,pns_926,pns_925,pns_924,pns_923,pns_911,pns_910,pns_919,pns_918,pns_917,pns_916,pns_915,pns_914,pns_913,pns_912,ratio_0,ratio_1,ratio_2,ratio_3,pns_899,pns_898,pns_897,pns_896,pns_895,pns_894,pns_893,pns_892,pns_891,pns_890,pns_889,pns_888,pns_887,pns_886,pns_885,pns_884,pns_883,pns_882,modelPath,pns_881,pns_880,pns_878,pns_877,pns_876,pns_875,pns_874,pns_873,pns_872,pns_871,pns_870,pns_879,ratio_450,ratio_454,ratio_453,ratio_452,ratio_451,ratio_447,ratio_446,ratio_445,ratio_444,ratio_449,ratio_448,ratio_461,ratio_460,ratio_465,ratio_464,ratio_463,ratio_462,ratio_458,ratio_457,ratio_456,ratio_455,ratio_459,ratio_472,ratio_471,ratio_470,ratio_476,ratio_475,ratio_474,ratio_473,ratio_469,ratio_468,ratio_467,ratio_466,ratio_483,ratio_482,infoPath,ratio_481,ratio_480,ratio_487,ratio_486,ratio_485,ratio_484,ratio_479,ratio_478,ratio_477,ratio_410,ratio_403,ratio_402,ratio_401,ratio_400,ratio_407,ratio_406,ratio_405,ratio_404,ratio_409,ratio_408,ratio_4,ratio_5,ratio_6,ratio_7,ratio_8,ratio_9,ratio_421,ratio_420,ratio_414,ratio_413,ratio_412,ratio_411,ratio_418,ratio_417,ratio_416,ratio_415,ratio_419,ratio_432,ratio_431,ratio_430,ratio_425,ratio_424,ratio_423,ratio_422,ratio_429,ratio_428,ratio_427,ratio_426,ratio_443,ratio_442,ratio_441,ratio_440,ratio_436,ratio_435,ratio_434,ratio_433,ratio_439,ratio_438,ratio_437
-9032.673748486353,-9650.54716403677,-8366.422828960971,-8813.454375093273,-8833.319547265817,-9414.707989848022,1000,-8639.942036132601,-8451.526135206164,-9030.322162683498,-8629.70643922016,/mnt/beegfs/rcabanas/dev/credici/papers/journalEM/output/synthetic/s12/random_mc2_n6_mid3_d1000_05_mr098_r10_65_uai_ccve.csv,-9401.004089909144,-9874.329848763597,-9208.984389552195,KL,-8687.246349223877,-8779.482490117653,-8565.600286051009,-8279.014433133663,-8362.414211108287,-8480.980421052378,-8659.152584064019,-9692.728139966564,-8350.753555222636,-9252.661692851605,-8736.011389434718,-9061.367067571244,-8339.502745270263,-8886.533085413586,-8814.90114672974,-8594.800065376661,-8323.240241379057,-8809.205847064351,-8728.382992052191,-9338.791542951665,-8503.957099619733,-8499.713837201973,-8323.040299392773,-8865.674762189181,-8480.337082338647,-8378.073562954056,-8311.957042512455,-8858.333438965697,-8542.292935820162,-8820.043145547537,-8905.294098311928,-8649.737555405212,-8554.941973412178,-8680.655366435567,-8993.996149011786,-9084.226689703033,-8963.832444195532,-8631.420233116658,-9127.421608114504,-8694.264090121545,-8527.377434824473,-8607.330268369302,-8730.720441132755,-8460.987358521877,-9219.292849642416,-8521.711453928916,-8400.508379143943,-8388.972839271466,-8936.766490019938,-8277.614883632335,-9136.810569158519,-9063.296046416475,-9170.8525079772,-8429.684885677098,-9560.410247352302,-8706.42276438032,-9225.965261561294,-8248.643485014305,-9347.494200174395,-8977.986312994748,-8462.284987919182,-9859.462659838526,-8774.01291621387,-9477.193915495634,-9263.594859296229,-9101.715798243622,-8681.848808047247,-9229.00730628028,-8659.165621222242,-8308.822418911075,-8312.295629085007,-8273.010690081923,-9428.735934776447,-8513.585139082894,-8298.044906494542,-9103.82007030992,-8948.425061372745,16,20,23,12,23,16,16,18,31,25,18,58,13,12,24,8,44,25,20,37,35,44,19,18,20,12,24,21,13,20,-8537.274945892115,-8341.279554028173,-8405.954985179886,-8284.873388389371,-8335.10788371528,-8533.71296799345,41,30,13,41,23,34,22,2973,22,17,16,-10162.990112887663,-8790.603111510622,-8520.806449887166,-8427.733452716753,0.901476035825488,0.27749853382210427,0.8469469542180235,0.2252915963774215,0.9272585680442462,0.2755056156819676,0.9342692645831765,0.2717588139102078,0.9512714187345839,0.19694332018696736,0.9543257701598259,0.20657937599885423,0.8459743170004449,0.22115394265823385,0.9321940129543074,0.22280482993500383,0.3173713410050999,21,0.2397368658107944,18,0.8592496771559964,12,0.9703812876795616,30,0.9104971567399268,14,8,0.9311977888757498,17,0.9825708852095795,19,0.9648634192822232,28,0.9619084538499901,0.9368374464241214,0.8774173265394988,0.9649789086084857,24,0.8356168448015664,0.9604080278144909,0.2932701179540296,0.9709349736169007,0.20047871380709903,0.9768938483224631,0.23423133993498402,0.9462348594943448,0.30637399804803306,0.8925719775007344,0.23884477367073492,0.9663628201776128,0.17659375334299665,0.8150979950378019,0.1662146097981766,0.9630741918927512,0.286812780272859,0.8015210016942919,0.26612890493621366,0.8312611856936106,0.2169288341694105,23,12,0.87389436599416,32,0.807168090052517,30,0.9380365904442985,16,0.9000773682971335,10,0.9230879194142726,38,0.9458907686974075,18,0.9768196004683758,26,0.962119589435658,17,0.9828424086708276,0.9851975100159265,0.8359258672399643,0.8847576513568949,0.3195780985354529,0.9332390492505276,0.281961229570903,0.9692895027151022,0.2337307770111506,0.8769353249472954,0.24297707838001992,0.9454009899556198,0.17618715897770587,0.9710779392012413,0.2899405401386953,0.9615807358213367,0.2729945308954007,0.9246298768531921,0.18935780600782365,0.9768380240609701,41,0.2271001050977481,0.9763066863846097,0.95450069611602,19,23,0.9234019703609807,0.9139365406809125,8,0.9620111402975787,27,0.9316606034932382,0.8781544529011082,27,0.9349261663949514,27,0.9248497777315251,32,0.9619997612711065,26,0.8389845549843851,10,0.9245980115763682,0.833160316154838,0.27153603320691655,0.2300479526274249,0.2752401149817429,0.9097693872048584,0.2033093332543646,0.9538818717499483,0.25991948489277017,0.9764172354245093,0.2328556927859783,0.9262421796937154,0.1891747961962256,0.9538091116760348,0.25005765858642387,0.9248375099072186,0.26655554111469854,0.9061442542496273,14,0.96493689383164,34,0.8718935929111971,17,0.972308346989758,14,0.9282743953675257,0.9157910724341316,0.920171329084884,12,0.8308048694329049,15,0.8681435899140253,0.9749652584263068,0.8579981755356754,16,0.9786680917773741,21,0.9455368814592326,26,0.9666177160338709,24,0.9529377836940656,0.23819755241157503,0.16953973916863918,0.1972217456904565,0.26192033110897917,0.2861773063846855,0.23445905556409766,0.28129745152766605,0.26295152166342733,0.21779268139081034,18,24,18,15,13,12,10,42,0.32403259873221074,9,0.22842154982025903,32,0.2667228179910932,0.8798154580642769,0.9675875847431772,0.9761509177169142,0.9542203378212492,0.8829330070770331,19,19,22,24,0.3411325573359021,42,15,0.9255092550151782,29,0.8783200567617597,0.016161757429771228,37,0.9700167515536268,17,0.9341051962737509,21,0.9809672295697609,0.9409253793448502,0.86716844309187,0.9457046917846486,0.8362374791304701,0.8757096534733536,0.9592633034826767,35,0.9717568668024024,20,17,18,18,0.9299222674562208,0.8655069492393141,30,0.91562211062396,23,0.967754065058462,0.967417827712007,0.9717217805897809,0.8846390011390332,0.967048077075587,18,0.8988978461765642,31,0.8893590665335966,0.8865056060583396,34,0.9261966849979978,0.8585781006766252,0.9773556528775087,0.9498676254098497,0.8770456723102458,0.8891565612687828,0.9309041677762311,0.9528300407123315,0.9057311876052032,36,0.27614831444728216,0.9123537396124035,18,0.222174181385386,0.9392655192168735,29,0.2789576286165249,35,0.2451721610555316,46,0.25599681227061716,0.8779098180791322,20,0.21755051675543785,0.8832130877750927,20,0.2516128997194692,0.9511567590947375,22,0.22618276299614207,0.905088495751451,0.09453655809800805,0.9210806677646453,0.18224961236077633,0.9517120461856096,0.9636746052651058,0.8578934351461989,18,26,0.8486555450463045,0.9695691086410879,0.9465197997287035,0.22722071454068288,0.18003496746525158,0.24452621676745737,0.23466868033416566,0.2850993619328161,0.29624112273454817,0.2245886630117607,0.2215852309929074,0.24037251253339117,0.20644395393073223,0.9279630153741831,0.9291455517041589,0.8834116605691616,0.25772479999386866,0.9324498417684038,0.2521558452666691,0.9756755337129207,0.1778182683768839,0.9713761768742551,0.3007848707364074,0.9529221712478709,0.2490186094772449,0.927063375257347,0.20276129282727218,0.9311479038806589,0.24429016568683354,0.8609391437459655,0.25237011470124626,0.9411430606041215,0.15490132543731477,0.9719943853212799,0.27835284126947235,0.9745114217588581,0.948805607794114,0.936367136830012,0.9302187359668023,0.9682218501228121,0.8524655946349662,0.8922164835194129,0.9847441068861829,0.9626444455057958,0.8617538732500748,0.283194171663767,0.8644157787198578,0.28031668188381287,0.9307931798685547,0.1998952358532673,0.9754445968678424,0.24298009377374843,0.9586221104518233,0.2699284362470137,0.9808184236723878,0.9165584171552262,0.22712244756102998,0.9131709213434616,0.2464073533096523,0.9377166265191974,0.2601921356385199,0.8797288201164343,0.27380120843566447,0.9002326374323728,0.9816515767713574,0.2564257807703048,0.9398933237175803,0.9633603544221186,0.9813560952692343,0.9871255854691721,0.9411471177608662,0.9122353108889556,0.9686513116772933,0.9681623844906857,0.9115631172429097,0.18569561008085922,0.25141343634508106,0.24185872400687786,0.24989670414588153,0.27301534225897617,0.1908982019170197,0.8792443920750066,0.2473710420778175,0.9554216997515739,0.1406331505099227,0.2550456832240652,0.26616787269877334,0.9740184211715951,0.8943647478226879,0.9653088649037892,0.9617645214423883,0.959635337317044,0.8891033906657878,0.9554963593337387,0.7915384659747695,0.933399701295124,0.08108121631347276,0.2201562639425585,0.0929192863499327,0.16723655872079635,0.26191158473435355,0.23721026920076863,0.2088329542156443,0.2516118120723399,0.23178570606285082,0.19099067309079948,0.9752022512724088,0.9626287415263839,0.9724738270794746,0.9664979183033223,-8398.052261155553,-9163.045727382832,-8473.850727243094,-8731.930182859252,-8397.444088885179,-9788.814898804343,-9013.188323292892,-8753.160609222296,-9220.252716797284,-8290.464081122325,-8625.60511090117,-8254.336239126615,-8353.273029240387,-8721.845939696763,-8403.00615535321,-9527.048184734153,-8934.567030637894,-8724.534289912552,-9204.291270689684,-9514.465715607093,-8341.93661641916,-9500.250533790178,-8775.998370033169,-8708.674685096814,-8511.030322422714,-8812.446989444215,-8590.420762350243,-8982.508232292985,-8513.268878288141,-8847.325217128622,-9333.124098942128,-8827.072817632721,-8477.333411068952,-9040.496863479553,-8769.055630244053,-8641.077165477785,-9855.832543908848,-9014.172860074743,-8746.739081251006,-8801.210780776832,-8319.984679133162,-9049.18062926242,-8645.485647230966,-8362.695787465618,-8306.237377014919,-8399.401462992852,-8894.643338897791,-9837.110526642442,-8438.797267034286,-8547.578163540566,-8980.276871047281,-9172.723464797446,-8568.029958324409,-9036.625969579844,-8371.928117997462,-8661.543072930526,-8923.69297681951,-8388.81012854045,-8709.81068969226,-9806.371442674059,-8265.50558634406,-9173.654042204009,-9153.563528232113,-9100.514033854683,-8672.624199355269,-8282.743362917952,-8490.494690165027,-8809.851128790595,-9013.714728704195,-9429.020488760561,17,17,13,27,24,18,27,16,23,12,-9127.46379158262,-8254.326887784126,-9020.822432226545,-8309.583430992956,-8524.367348532758,-8364.625474372722,-9752.934281034499,27,47,15,44,24,31,12,15,21,14,-8401.007362873206,-8898.121401355927,-8417.405285337123,-8819.744719927072,-8956.512856357902,-8351.137477352348,-8717.887605309144,-9112.275186327712,500,-9083.039735272198,-9565.484512382909,-8829.523088710423,-9064.443278662873,-8931.281693037728,-8741.139360105113,-8315.397976040558,-8492.296764029308,-8880.396341233984,-9562.48389396038,-9053.173432584692,-8269.980814894545,-9206.130783286259,-8266.665131779848,-8614.564138993772,0.0928617741466022,0.2367330026664488,0.27142521365681094,0.25511713124471547,0.2144383224101692,0.24830189379879045,0.22634642526899537,0.2301909261910875,0.24817390288057403,0.2754780102250892,30,20,14,0.8463236672161373,18,0.9266104302289216,33,29,26,0.9770814167025846,13,0.8846200020323949,12,0.9112929833428345,13,0.9692689876321763,0.9464037845255475,0.8473487560546866,0.941246473879348,0.9679330816946436,0.14069840649843812,0.2424937141886499,0.2658291316797434,0.25009032096338885,0.2800066159645026,0.20838821812412342,0.25550413549504286,0.26091154325855825,10,0.2528193769912102,17,16,23,0.9469097890622585,8,0.8402346078698489,0.8856890537475748,41,44,0.9623142690051998,41,0.9437423625553417,21,0.9120991604430111,28,0.9260154054994705,0.9240236941643722,0.9632447213486122,0.9393174846450723,0.18450937876642987,0.18301607385847135,0.2694532227268575,0.2777522571161926,0.26386656359835425,0.2807682938081036,0.2265825738886052,0.23599894115496195,0.22837512827319245,24,35,18,21,0.9135261490994384,28,0.8558512815269788,21,0.875296852092757,0.8994133853612158,0.9003976600664584,8,0.8602860746598883,25,0.97342443389891,24,0.911479115529776,29,0.9888847733327271,0.9094998554706359,0.8657574824406804,0.2725178135407047,0.23092468736349067,22,44,27,41,0.8670191824433827,0.9541201923707531,13,0.9457434914952322,25,0.961462375912614,0.8255643669540429,0.9415860675200396,15,0.9697472707080738,38,0.946651196992265,11,0.9773572381242245,27,0.8779096780617475,0.9355794609830561,13,11,29,-8269.247396156405,19,-8878.592960188465,23,15,-8854.942648415741,15,33,35,24,16,-9275.779150544024,10,-8375.600598123,26,-8430.92519121272,18,-8457.438357697136,-8927.67458258427,-8389.806587578012,22,-8996.221522696358,15,-9200.878741050912,12,9,21,33,-8664.996599706958,-8927.71823365676,-8334.612483210392,-9241.808083456679,10,-8435.116677639615,30,15,-8694.634805992966,18,-8416.450223303824,11,-9092.383840075694,-10090.812453481147,17,-8931.812143540912,32,-8633.109335290901,23,25,37,22,40,16,20,16,20,33,20,29,45,26,31,40,-8665.007350505499,32,-9179.502932110554,17,-8632.577229888193,22,-10802.880931314137,37,-8944.678308829047,11,-9614.439952235152,29,11,17,22,11,10,20,11,17,21,35,21,17,37,17,13,26,33,44,29,28,18,21,29,20,13,11,24,0.9109488841188639,0.9096183080516774,0.9093740050235304,8,0.8885409697775346,49,0.842553281439322,11,0.8914383930622527,13,0.9333674808613673,0.9589018304922042,-8282.571768770733,0.9568566359413369,-8624.491102523754,0.9518307696048639,-9196.168531843652,0.9557492575038609,-8784.136904569637,-8761.907987867926,-9824.595346096867,-9004.548098093936,-8332.554926439356,-9956.088584753259,-8290.115803093719,14,18,17,31,18,0.21297442440028905,14,0.30614175034750174,0.14634127979559453,0.20210998865239144,0.24091634446187024,11,0.2741564018770403,12,0.26737306263776967,15,0.25689081474583125,26,0.25502251174302926,-8934.730999221098,0.9271280562538937,-8696.828262996474,0.9566573549289134,-8943.020429018534,0.9648341301793915,-8982.81482851344,-8332.973108553679,-8423.404964823694,-8642.62334266237,-8842.09385894756,-8512.341463288376,-8358.22158999164,24,28,19,27,31,32,18,0.25102568454808605,36,0.22645017792259214,0.30345437030521777,0.2741513252200512,-9305.73825779624,0.2903638151177072,0.31679020370508487,15,0.25048194207507213,14,0.16681619176489113,0.2366037086810439,0.30413672680283194,30,0.2587935125471754,-8566.50732216424,36,-8316.021992051616,10,-8622.988111316987,10,-9060.6568002727,-9594.863370186047,-9153.569484441601,-8634.537524144804,-9033.067809009493,29,27,28,21,25,16,-8543.253273921333,24,-8324.991685905488,11,18,26,14,11,0.15633320644138582,42,0.27823168616183436,13,0.306778674667407,0.15846263445893852,-8588.49484951426,0.2542200913777231,-9424.691949417514,0.22257730289558889,0.21165406441452816,26,0.2577402153295105,28,0.2623481908765018,34,0.31276008236113517,24,-8342.913213746962,21,-8625.764677773075,23,-8359.912364529411,25,-9771.005912014372,-8478.106062716088,-8877.892322129734,12,-8447.464821418243,-8843.42713322155,25,27,27,27,-8721.936704477517,23,32,30,63,29,17,0.14275424400523545,26,0.2471619110085133,21,0.26183404480179784,14,0.24947438430646676,0.13221974951544452,0.2768803580773142,0.1688225663953024,0.001,0.221052514095795,0.24105664902417803,0.9768341307339987,0.28156484402312926,0.8917680071812195,0.863502936077787,0.9331261443366451,0.9769215813780641,0.9637372288629593,0.97853152505036,0.9743304761879281,0.9824295665690266,0.9547302358139489,0.9321096941958608,23,13,13,34,0.22773782923004454,28,0.22410870064078475,14,0.26981693463588574,19,0.239568361475888,21,0.25239459310047374,0.026853942142393443,0.20813450224771576,0.22085434140205154,0.31931269931673223,14,0.2616457661844131,0.9658747738619498,0.9427737238483699,0.9159381831684837,0.8581435328943495,0.9173285395843471,-8742.5258496674,0.9083469089210666,-8836.761492197737,0.9598663352974077,0.9777022873566321,-8758.53842865726,0.9527070432951485,0.9809801527411987,0.9781856291467994,-8567.420047879628,33,-8635.664283765343,22,-9020.610127673372,-9339.610430281085,-8706.321755315135,-8814.711705070938,-9462.871288100247,0.09094943558515274,0.2353216140475742,0.2215322349182712,0.2515068482191682,0.2532453162035724,0.298279001049008,0.2500713409046742,0.9481719562379595,0.32275134190120286,0.21115716428056625,0.31565341070516434,0.9253408620091218,0.9177751595518916,0.8544319018516372,0.8825610224063634,0.8648139012716317,-9341.854829272235,0.9046652385098225,-8253.2395140192,0.9824165469691816,-8699.30234380985,0.941805496914132,-9013.684660167823,0.9674077572105348,0.9381904295396488,-9428.455111126115,-8613.736047973904,-8414.725867498595,-8308.541798377724,-9093.847451952453,-8390.07291477578,0.2891614364237863,0.2843958436295941,0.26949169144620183,0.23819870033019558,0.2521980216676133,0.2729788312676984,0.21269199068140932,0.25530636566701465,0.8936095565566043,0.30311477271793763,0.9720334972338525,0.20939130246848053,0.9354796017556322,0.9121125238764963,0.9021664397352199,0.9581135550287144,0.9070260139355193,-8417.35176410595,0.982070806164188,-9432.654533528994,0.9658730329757165,-9360.604335908076,0.9458645979881184,-8417.210382087565,-8320.904775358422,0.8415213454961589,-8891.380341556402,-8392.629283709919,-8515.535812447366,-9364.048623762925,-8682.681571747262,0,-8471.887559923183,-8780.863944285928,-9252.63038786561,-8399.002814430247,-8325.322140221033,-8516.66069706855,-9204.289320171118,-8377.969591194655,-8700.059564901572,-8284.446821969783,-9236.903913174925,-8529.087560453245,-8972.607942267374,-9040.816909321446,-9371.617374001624,-8593.349401840864,-9718.257134224625,-9280.211557828841,-9137.7837740396,-9167.196227443705,-8774.346722568194,-8636.998242224305,-8698.406352862985,-8313.992862823638,-9285.392018787514,-8385.883851699926,-8789.766362128323,-8420.192610798986,-8946.101459448288,-8730.195219370538,-8501.493072132258,-8745.254574029594,0.25907031676282,0.2875009671331654,0.08285518511003331,0.2769355083233255,0.21611006615890216,0.2597989151588284,33,19,11,27,38,19,18,22,18,10,0.27948235714996694,0.18700040353822242,0.3009069553610999,0.25222192849435554,0.23359120258551516,0.2877123900071892,0.239395669498362,0.2899270902959768,0.2257952295851404,57,21,11,8,12,14,19,14,16,20,0.19790223323443484,0.25762245526283695,0.20675753809228853,0.24431382121448258,0.3315026158030902,0.27570462034257764,0.23446732773163162,0.2094984621855559,0.19695683646292164,17,18,22,25,32,12,25,27,14,0.7522781098057617,23,0.9378838953889181,0.8853170926105035,0.9102853198064038,0.9085593206235258,0.2966952404058958,0.845267211386182,0.24628596984231654,0.9414072566103137,0.2396745193165882,0.24975189550843657,0.9750628315157578,0.24216432615679728,0.8793485835323775,0.2944770981009504,0.937885059036324,26,12,15,9,22,26,15,24,29,0.8053633822777192,16,0.9346880034414043,0.9655817633144148,0.9634449834000173,0.9153219303898803,0.9098680891248508,0.9413492325696196,0.8937997988652943,0.9177666270847824,0.9827703124764507,18,43,16,21,13,33,15,22,11,26,24,20,24,42,19,10,19,28,29,35,32,45,22,20,10,28,11,26,25,29,17,29,7,11,17,38,6,7,37,15,0.21200408338525503,0.2913790145851815,0.3140656194048905,0.22274078301583214,0.2443387836859972,0.26401284858640134,0.2723293603457899,0.23994280970246418,0.2551548056315295,0.08535494990821539,0.9543463883489995,0.9140055351679116,10,0.9422898987150207,16,0.8162614040930726,12,0.980296420519596,13,0.9025184561106364,37,0.8271863177239481,0.8837126917938778,18,0.9251644112283862,11,0.9811893062137451,0.9275115487081518,28,35,13,0.18860199865740368,0.2671848435978626,0.3124426308987503,0.20432923843703496,0.16775386393820538,0.11162187457279317,0.2704136696976943,0.2201484066846436,0.2901228405653251,0.08934412760693536,0.9781224003774635,0.8619408749027881,0.9434664357259079,36,0.8615571384045249,35,0.8678693558726931,26,0.9359747654353187,19,0.9683223901286524,19,0.9766691323679578,40,0.8681886933614659,21,0.965494561566391,13,0.9654783446404885,21,18,0.24711503018205286,0.264881828987648,0.2676707855335112,0.26730525510750064,0.26909117122960996,0.23918397225096666,0.26018900727675404,0.19366696715272805,0.2552497465295488,15,0.20609588953009894,0.9334333230338497,0.9410707248941655,0.9009114386325652,0.948566873346781,18,0.9846764817210661,12,0.893655946001259,16,0.9686174280027565,25,0.9657796314975513,17,16,0.9341865044210655,42,0.9016036342361234,32,0.8699311856143251,14,0.3037406771122609,0.2449727214159515,0.2921811905097344,0.2746569142307707,0.2968110464135197,0.16586367793871157,0.08687964392824027,0.20985481616151533,0.30626209719252034,0.2699813516560984,28,36,12,0.919654882010915,33,0.9219553763500318,30,0.8588060219824913,44,0.870140238517542,40,20,24,0.9278683782302697,27,0.9295678373973445,0.25304867803002384,0.24886518074003283,0.23798721249103405,0.2836012012241842,0.22169350521901268,0.23076344458228146,0.1957684243904489,0.09053805103439498,0.2789811939935377,0.9702911155155778,-8484.42728792116,-8475.669829282779,-8648.760151638118,0.96864817593033,-8402.067260707685,0.9639239660121734,-8393.369153772044,0.9609021672702482,-9571.049993209297,0.8761281090860248,-8474.156352812593,0.8622850371218735,0.9033537943638744,0.88326029243349,0.9102897705656819,0.20652618982914236,0.9462392409684375,0.07969633324324944,0.22074555679249686,0.2535862879937619,0.273085049045728,0.23793138164420116,0.25244030125408534,0.26522975938543747,0.162924955216185,0.9421507716767211,0.9317621903050187,0.9153941670601564,0.9721119663822184,0.8317230508962314,0.9740926987080352,0.8733074821502951,0.9620366606156878,0.918961701729454,0.9585597051214733,0.07003579056650303,0.2550173080973637,0.18459207800220753,0.26751829503007013,0.24721163091801968,0.2623846410772621,0.2718878009145477,0.24745747234641768,0.2291471476095465,0.9772425872891157,0.951250137026025,0.9761896652971584,0.8878253299195299,0.9424541403228848,0.8969295523058674,0.9486679392007524,0.9411935294439076,0.8996689739625499,0.8469918261387528,0.21634496389738803,0.30641020465644153,0.28713237425352006,0.15567205639681475,0.2583732450628715,0.2718367419281403,0.1836720249865123,0.1287791928317511,0.24313332497603546,0.9753036036617421,0.934452262561483,0.9547045172605515,0.9723086137363146,0.9191002693600682,0.9647845356365107,0.9087277516548838,0.9047020341184748,0.9095708475357765,0.9403129727231924,0.9752546590032422,0.2636099373088124,0.2421278808842962,0.22005278487526841,0.21265630283446754,-10058.388722317319,-8852.072981874175,-8405.47898598236,-8326.547765364634,-9212.303254876506,-8897.019467185608,-8264.995180422808,-9430.501097506964,-9401.460555822932,-8828.101259004097,-9423.53692237531,-9428.582129536147,-8803.317204956702,0.9047329139370206,0.9548515913584918,0.922192310172211,-8223.271985671407,-8733.400186671766,-9614.356251469006,-9067.250209424303,-8679.508201012852,-8895.71340239878,-8551.922125847514,-9606.781943052885,-8641.413711146535,-9586.382904992848,-8766.143787321731,-8727.690642481733,-9439.4254303573,-8715.504559530167,-8329.378534828465,-8366.24475763494,-8528.262950187775,-8418.104368963008,-9109.324075981172,0.931484773561153,0.9671266088849018,0.8530208612241296,0.9317718867834366,0.8554270035890816,-9584.853371488,0.9546005140507026,-8541.046527187737,0.9185568121461268,-8437.253734158476,0.9460271006844504,-9264.199397692384,-8973.72996247252,0.9260223742993918,-8484.045169711697,0.9331811258690234,-8490.916281426496,0.974206736535261,-9504.67992899787,-8932.781166042632,-8519.682665272485,-8323.051409403372,-8773.915748636087,-8586.201459601069,-8899.506825632994,-8666.553005071763,-9237.81358713485,-9027.411926149149,-8731.01675348906,-8331.35051807228,-8477.554146581648,-8285.70370552114,0.930695811496355,-10617.517844941418,-8822.200267296199,-9120.667974791642,0.9284384475823937,0.9677671874257865,0.8302098805094733,0.9590410675206325,0.9845456511625693,-8409.439120540268,0.882932819971131,-8620.378794298977,0.8541489443947362,-8825.02003966745,0.9095875401234174,-9266.951228956346,-8674.466267634047,-9077.692488355267,0.9728846188815071,-8912.182936796542,0.9421682007207787,-8342.191780739635,-8757.645200103954,-8746.499224540528,-9199.302216850765,-8514.159162517672,-8451.470110332653,-8789.215069627297,-8319.466121599777,-8323.993844147675,-8334.600377747252,-8872.034261291954,-8451.260072972389,-8318.990708582227,-8658.534964130757,-8588.534617936759,-9104.89131668826,-8749.699055012557,-8409.647678676261,-9441.340572834037,-9097.904087256236,-8953.666616564804,-9185.307225094026,-8718.566866063542,-8370.046468912415,-8913.890052006662,-9320.828726738247,-8358.223883016106,-8520.332578062013,-8787.241824005387,-8968.517771152716,-8422.074955798766,-9185.71051153138,-9370.733801588152,-8339.742131240506,-8476.342787852214,4,-8384.255503336823,-9267.2408286827,-8596.109940446757,-8316.324963474079,-8368.814200588646,-9214.179747991171,-9558.096743478704,-9502.268673345276,-8324.730391808102,-8708.134163473136,-8922.646242607823,-8515.719790428248,-9606.403745542353,-8717.896419126704,-8353.329440122901,-8355.946066547885,-8612.994158861768,-9372.011580937644,-8268.03911775001,-8555.687792769188,-9266.07485110644,-9139.86490283466,-9338.765321831033,-8729.975789966817,-9576.053435227706,-9302.413624341238,-8381.837638016219,-8801.670977021333,-8585.949126257101,-9056.479771895507,-8315.059951348365,-9109.220854269479,0.20707243539840414,-9970.299150458357,0.3042217403318866,-8438.364267132922,0.24051060450981848,-10139.186409697271,0.2931384376580581,-9776.434876704448,0.23964908946188707,0.2083142776889968,0.08786687509959269,0.2820578677161049,0.2581973388449402,0.24401216403039125,-8759.151240278621,-8434.779735115018,-9171.522251509261,-9121.612463046065,-8766.1291419335,-9108.396451030703,-9595.37171365007,-8764.298468124718,-8698.531735485763,-8543.062145477086,-8723.6769083931,-9725.475136149953,-8497.342682341707,-8461.789793614102,-8965.77549887504,-9014.960492015703,-8989.999411113076,-8505.95171700497,-8333.420925620496,-8449.855100994715,-9242.90324819317,-9086.640397276566,-8418.829602560098,-8408.472169016333,-8343.549434815046,-8442.269066867424,-8356.801613748265,-8706.635363381341,-8468.603157306186,-8281.16408166409,-8866.615259166156,-8646.482151103824,-8435.857683120696,-10267.057378516272,-8278.67141434701,-9140.411489579557,-8505.287087783829,-8915.203669106015,-8232.762849119268,-8394.016311365885,-8565.264349943824,-8360.923653668544,-8339.3284737474,-8389.779427845491,-8635.000551615518,-8634.963327306941,-8908.634373675282,0.17207795802942105,0.17709284384637283,0.18344918330904678,0.25788101548084286,0.30603306422049414,10,27,25,20,17,29,9,21,23,35,0.23034099180197104,0.20400458681271672,0.26946037080101426,0.27377187838350814,0.1685589748940042,13,48,24,35,24,19,12,12,28,16,29,34,23,26,34,22,12,15,35,22,26,55,33,14,21,18,38,28,19,32,9,27,14,11,25,17,22,19,14,18,25,13,8,27,24,12,12,34,4,15,0.2734121507074903,0.30455129187144026,0.2508900519851865,0.24043202937781877,0.3222963229414088,0.2515151856653107,0.31902264529838337,0.22528902481555835,0.09366819690618772,0.1577778034272546,0.9563896798411952,26,0.9180641488277805,31,0.8623907259459501,12,0.8619292631505681,27,0.9205570494761739,9,0.9134262184588031,19,0.966842087288369,21,0.9760072333062298,17,0.8079595123853403,0.9832759330235895,0.8821649290761051,19,12,0.23222274646783614,0.2465669375383263,0.2961964965670246,0.3048852755082448,0.24738399893341081,0.23076604588413072,0.2618970607658267,0.251088069491626,0.26047333205795875,29,0.24183426709814024,0.9233213634868198,0.8702189815679303,16,0.9634834699515586,23,0.906421407549787,24,0.9039790188884462,23,0.9315763218657139,28,0.8922284939130075,11,0.8860874590505814,12,0.8909357726377098,19,0.9278034622915361,0.9270649240826984,32,0.24949236802433672,0.27241441255228493,0.25445368723610245,0.09395820942727787,0.25452132042232145,0.23441472956382955,0.28492420313977745,0.25029134077532367,0.26691973350649967,0.26561327588838,23,16,0.8552453237048575,0.9772069854363666,0.8819852737556442,48,0.9725733965661103,9,0.8973432340328396,25,0.8921477453976429,15,0.8736195976279455,18,0.9829139330048616,10,0.9435477021779012,23,0.8671319681246755,23,0.9728780488928183,0.2675755019153263,0.12503278694484388,0.18583509140148927,0.20807226490602576,0.2650754387935611,0.1962252874691141,0.29075830378982465,0.15363544812834287,19,0.2549613029546419,24,29,0.9076472461494945,0.928805756217411,0.8607645052916749,0.938584977843485,14,0.8672502089525136,45,0.976220305640505,0.9108027625995507,25,0.8502499049311713,21,10,0.9744630852581148,16,0.9587591076557813,22,0.8847188072456318,0.23675974953737094,0.2517583811195914,0.28414521623979805,0.1815896854097494,0.244904193572672,0.2334172822276196,0.21221557660694135,0.22983749054935823,0.23777490190119294,0.9682370331362672,0.9588352320412892,0.9396457648240432,0.9578455412111753,0.9211727915077557,0.8490991953058116,0.9590064791250177,0.9672346810969483,0.21808460424579482,0.8910280332457075,0.2589129589769177,0.765411555332361,0.23635378186734296,0.21776110223375172,0.28431779298814047,0.243496591802833,0.265172024680227,0.2398476827524906,0.2291623714964787,0.9427394133585275,0.8952463258576573,0.9208784581719709,0.8769627298859703,0.9663867864404729,0.8921376360836485,0.9118720862328765,0.9741769382752276,0.936861196611959,0.21120357072200735,0.2606408501232653,0.26355462042658495,0.9653920278570758,0.3310611173844808,0.2858333989609788,0.19568210056013843,0.24329968245277428,0.19954711773800846,0.07755615191546125,25,0.9514959111388386,19,0.9464919831782392,21,17,0.957888682214768,0.9632009541877625,9,0.8772232222775777,21,0.84787638709637,0.923148701592842,0.9571135291067064,0.8550283553128083,0.9056179405276586,22,0.27166094442487787,30,0.22420225324092205,11,0.13407159477291267,34,0.05222924249509936,40,0.9305391570018915,17,0.9404445984321997,11,0.8477411061092776,24,15,0.9135603273003688,0.8452745701225698,10,0.8962773343365905,17,0.9882648733528641,0.9502858805160513,0.8459410128843983,0.9363169731802727,14,29,17,-8823.082637472378,-8448.590731205984,-9457.98533711907,-8270.925761994557,-8422.716298552737,-8421.70826218848,-8727.223093256363,-8674.686177933358,-9262.149950374687,-8374.822299901276,-8925.641104211627,EMCC,-9465.383336776456,-8400.476624134515,-8978.979277289833,-8907.477982079861,-9201.370495921772,-8544.091990893648,-9472.937447155982,-9256.954051666826,-8539.106844383441,-8433.10678009414,false,-8652.261454504922,-8397.55795494878,-8362.967245301916,-9389.607853071833,-8875.682176272083,-8403.68854467046,-8739.193728198687,-8363.269209148744,-9186.539183782237,0.9691012886874537,0.9308807699321594,0.9245718842403814,0.9651526067281451,0.8752210817833515,0.9159985870345679,-8442.131344969961,0.932122328395351,-8679.043216935368,0.9116974519599598,-9108.519061886267,0.89325747661477,-8252.672740701155,0.9616046337818408,0.975064247730889,-8874.044628831241,-8831.801851018146,-9533.253774242545,-8754.707539087218,-8736.408473883648,-8393.500773025193,0.24531421884961774,0.3052192890468786,0.29709466578582683,0.2855848819801178,0.14909510678755777,0.27384874900653056,0.28363385638352023,0.2773984372505011,0.2507030801219313,0.2524331875259888,0.9774810950109063,-8528.123227481085,0.9559227748011837,-9781.804544565226,0.9292777904487116,-8594.874517135475,0.9084147865194108,-8407.43006533199,-8303.909073715231,0.9342827315478159,-8892.051565649183,-9471.781035422257,-8800.902649459098,-9361.090655833243,-8335.446598972301,0.2707749415092289,0.15462031894141154,0.3067702650986863,0.23867696485276274,0.20673116081156032,0.271949739956808,0.2533720339403631,0.2946453668382821,0.016161757429771228,0.2688486630857361,-8789.517980479095,-8447.688916525285,-8447.788840121611,-9686.436775486241,-9754.150179610086,-8787.125264168935,-8692.419936006607,-9299.48877542027,-8722.887730783701,-9254.375264644807,0.21090600212595353,0.25391308152886394,0.20003637899039878,0.2720174390346712,0.28760640886469185,0.2980577396575286,0.23554807857953225,0.2845404868798781,0.2062166225999166,0.2382692051461165,-8268.640807284817,-10068.250897947353,-8319.623033330821,-8446.736701653228,-9721.879853172199,-8591.658906511095,-8248.874733082032,-8803.896873249505,-8663.5968471299,-9028.969212769827,0.980916722137814,0.9519162612158897,0.9742834771124683,-8360.587233456794,0.9244838772011359,0.9750048782623905,0.9523135917444115,0.9667873384753554,0.9537560670179667,0.9642890218420437,0.7996436833250649,-8475.081169981951,-8482.0539327639,-9094.319535682953,-8909.833638646654,-9008.061583238305,-8503.036527269158,-8687.277448074808,-8493.195889759127,-8538.041747525556,-9657.236730785697,-8959.799082502876,-9208.168773766494,-8570.988409855647,-8854.860324868288,-9511.31486295655,-8591.896625322044,-8782.461880933985,-8275.13738974441,-8413.91214995235,-8662.176240119345,-9397.132533965996,-8400.564071244155,-9470.176649884788,-8620.065071704064,-8872.619350088626,-8628.926964318469,-8413.896984773355,-8983.180188123777,-8272.225129490458,-8308.004744001508,-8859.171492852547,-8530.188691958723,-8284.337684872311,-9113.099799524694,-9411.399206561151,-8312.11193075724,-8319.499280148211,-8946.769970427571,-8466.565133725297,10,0.9776806805366568,12,0.8805682537422514,20,0.9385166196092011,41,18,0.9793597093099862,14,0.9823232619786731,24,0.8619152030222165,19,0.9780893654639901,0.8230199894004242,0.9582348318235219,0.9385180326331141,0.9816109046677516,16,24,36,12,0.8242610300223808,37,0.8694063535566662,19,0.9051885984391633,11,0.9852251297113263,11,0.8928833889796852,16,0.9262319220487929,19,0.8575081316187985,35,0.9603518268490774,0.8926770064326469,0.9081789020669307,0.9545650527600346,23,18,15,0.9093636782992163,38,0.8861521696479899,17,0.9817768719266103,17,0.8894537963715455,14,0.9687444462117807,38,0.8808586003813359,44,0.9640657934051515,41,0.8500441547177714,11,0.8966683650015979,0.9360645442170066,0.8772804695048063,26,15,32,0.934727857726265,0.9415334473329503,-8934.264818033993,-8936.665005346642,20,0.960499112350103,16,0.9530211263168965,0.9441685858541317,30,0.8903687368008516,24,0.9674141707473505,19,0.881496116893707,14,0.9536547783155551,10,0.9308247701046891,0.9334224936461755,-8706.935921922024,-8921.21499805833,-9645.408814482162,-9116.469416970896,-8422.971983748852,-9146.19710726498,-8765.532218173099,-8494.965104898592,0.30283832927884946,0.17862651378793584,0.209717063479496,0.22202740271808394,0.24380968048671245,0.15212114521994063,0.18440269364458306,0.20180973551208667,17,11,8,16,13,15,10,14,9,24,0.2854447405804713,0.2599114609586006,0.2417474468400761,0.23780495343287822,0.282246324284592,0.22849267266195644,0.25964617816076396,0.16986759213571004,0.22279118671921622,12,23,14,27,12,34,34,15,19,14,0.13046398333696513,0.27109157341711265,0.23244719611995188,0.2614211489290942,0.20411075077466373,0.24942034649085032,0.25041982636331134,0.2282820847190315,0.2642127474040352,12,14,24,26,14,21,14,24,18,19,0.27160713124381014,0.06150989865060327,0.2750187282809336,0.1727697434013032,0.28799689994178107,0.2216835672187707,0.25822487165763597,0.25562678905677294,0.08170253329025104,25,21,13,17,12,15,24,11,35,18,0.2919187643656109,0.22104356347109033,0.1651354198096326,0.2809348401332914,0.23086696368938184,0.25636158927079805,0.2554883865510957,0.24146557714947536,0.19272541360576348,0.24774548002582053,0.2697878970438085,0.2672627120376434,0.2890801406868053,0.2783834134000614,0.22967864630912865,0.12370395728232632,0.287172406275532,0.2160396078783513,0.28218893047307636,0.14910389125743995,0.27890649316202426,0.25943755761686815,0.1966384047082701,0.269353378141391,0.2329689296231849,0.24713366090905767,0.2686488633955338,0,38,25,39,17,39,15,34,20,24,12,0.2906845858713015,0.26761499080848,0.22896212669722496,0.22361238908661601,0.26425667544103976,0.230216077328114,0.2190779423848015,0.21586182970412926,19,16,34,21,28,41,22,27,15,13,0.2420044837943812,0.24747749008746853,0.3034713055995449,0.25002669896509566,0.23283416254770264,0.2678833413086218,0.2618836482301709,0.30557359279497176,0.2043906708212304,0.23638105573051538,0.30473236261187064,0.21834995240259697,0.20775883546332935,0.2329801291075101,0.2611124704648217,0.2294008887716543,0.2396345164653272,0.28569883862549444,0.26171121913838513,0.20283997247063484,0.251997499129737,0.1263899250656945,0.21341868213780632,0.18996042062641644,0.259674407593762,0.2532100158367539,0.260992239651775,0.26002603881926944,0.2801401258944955,0.311636897675099,0.2290902499656935,0.2871418411155002,0.21654049705584993,0.2704731697256761,0.19966615244758126,0.31016607807456487,0.18889928770345746,0.2577941422056279,0.3004692449060995,0.26976976157550997,0.2628850368882399,0.20744316655842798,0.10423168955930974,0.10853320676532428,0.19083340168979332,0.2581170333404025,0.28316952702524295,0.23578928125332405,0.2350980539266018,0.27141493524726684,0.9470211419282965,0.9364490479593441,0.9218862507059185,0.9660170917244648,0.9429873150023852,-8384.432960471133,0.9728589892668723,-9602.438360488695,0.8737653312111523,-9186.736484360097,0.8951437994850087,-8917.8463962872,-8396.00484905162,0.9478127853635016,-8317.393728448556,0.9605566240033404,-9590.821712307108,0.8730197941260813,-8634.051837635272,-8770.428847275078,0.9869051894624018,0.9386513384373906,0.9744554467620126,0.9681265778862481,0.953602740291383,0.9274115539816687,0.8739213191119446,0.9027232258739052,0.8600841097163257,0.8873664061945091,0.8907251223042496,0.9351209020956505,0.9088214233852401,0.9806862794034226,0.8728101872880585,0.8992835763221035,0.970687532213758,0.946590164651452,0.9676830105359333,0.9700807338888481,0.9099447122609119,0.8787717309011874,0.872857670378692,0.9485344499005024,0.9186660780142459,0.9127913409930282,0.9567711536886175,0.9375980847029523,0.9647196488787176,0.8874410592916461,0.838332501702386,0.7280000210795989,0.9197534133082684,-8718.685041117122,-8709.18781644789,-8272.11550223098,-8512.112157563843,1,-8340.877193189861,-8517.554614657813,-8305.067991598393,-9373.23073356153,-8318.754547321934,-8432.558797229272,0.9308412727570036,-9256.955528053897,-8592.996854376635,-8584.757377676575,-8315.046464548488,-8686.350210089626,-8380.29772595476,-8630.937869408042,-8896.046222078201,-8452.510520499389,-9843.897305609005,0.9825477536503655,0.9161913962755993,0.8208188912719733,-8218.117081605946,0.9410797373247585,-9495.540899309302,0.9359276726292782,-8348.640700249436,0.9600736501647742,-8916.025292298891,0.9417083586336571,-9386.890685085742,0.9690064215224475,-9446.591182681417,0.9101553001678431,0.9635574694278151,-8935.428410002743,0.9260133887588455,-9025.757404640377,-9284.588226308959,-9035.634758984479,-8587.001637509122,0.9556049555228933,0.9790559916106073,0.902054266732287,0.902851494452606,-8776.064414481658,0.8597942138869612,-8582.412961971584,0.9163995113262535,-8611.217605471375,0.8897918330000388,-8909.964179243947,0.9742664225756382,-8651.782789432971,0.9585952638970618,-8445.027897037025,0.8335343671032794,-8794.98101487001,0.9228283481357737,-8436.87036881722,-9672.025850099872,-9175.647833829807,0.2466019298095027,0.21837487696298485,0.14379765672558475,0.20068845359801699,0.9569579435669447,0.23028750047953933,0.9297152822613257,0.22180738200647018,0.3002280857008812,0.22628784287007783,0.9826831560272895,0.9151360519497312,0.269055191767511,0.8498598206893231,0.27449554371077345,0.9773159229277603,0.943375743257854,0.8827563977496246,0.9830773011747701,0.897670955713206,-8724.596792380755,-8918.497241599938,0.9291200722890857,-8369.384598409533,-8874.50936219415,-8429.205017780325,-9803.970687299017,-9544.049884865291,-8866.642033330223,-8420.317864825762,-9014.87589321809,0.2426197330461426,0.2360450410901234,0.2682605240665076,0.9321949554060034,0.2873854636584982,0.9214292596365422,0.1709404589844065,0.9073588100414337,0.268138503312943,0.08607379035050725,0.9204088109647433,0.31910782530982384,0.8918487075170116,0.23877604294137827,0.8947192882914508,0.23648611042750908,0.9731334048211868,0.896554879061973,0.9099221283996486,0.8495932262443446,-8911.296299669744,-8697.717082751584,-8682.786589117626,-8413.60816687884,-9051.12804023271,-8718.09767432883,-9637.18812861323,-9210.029775873052,-8663.756759327363,-8339.816109936253,0.2663738269443209,0.2083689767652731,0.95335765285438,0.20866509470049105,0.984546766556193,0.27578960835087096,0.9008902357320688,0.19060006287275422,0.8903646218745059,0.1439237230707907,0.9133131006986847,0.2729448840828496,0.9715642227334925,0.05277078899867711,0.8332641862735587,0.20612717263444552,0.9779997896350139,0.2790029808243323,0.9654722057428204,0.967356710503619,-9070.575293055621,-8993.390584202716,-8452.577748729502,-8370.279685183721,-10038.662189218361,-8928.84799966944,-8404.277837225005,-8692.743378803025,-9299.969087415302,-8322.999737320844,0.28649175674855953,0.31472685420839414,0.05363152321752226,0.2822906017543195,0.2591447358414392,0.18756568349551528,0.21167136555551994,0.25294838296985694,0.20022067602531,0.23767197637948506,-8330.41616808838,-8942.130851685633,-8852.103127410199,-9580.426689144779,-9438.262712136218,-8990.119193504814,-8241.307057130845,-8650.206133988657,-8322.529976010146,-9493.877263353346,20,38,0.8930012983039674,28,0.9832152144319445,9,24,10,0.9224640381160832,26,0.9370601862432667,14,0.9811689788493823,7,0.8878259076260853,0.8869071583021436,0.881404349433992,0.9802552387833929,0.9016532836070447,22,0.9676971034171062,18,23,-9201.225110848149,-8387.840293396834,-8393.134711955057,13,0.8993147303897497,28,0.9049577161330843,40,0.8859714215362715,36,26,0.9687632361372407,53,0.9707167492271306,15,0.938259012168846,17,0.9484993501417452,0.8858815484078594,0.9016006266080274,0.8618891916878171,0.9571610540996345,-8769.578884778985,-9312.433737840101,-8506.457870447108,-8257.020300140226,-8967.710676255905,-8376.367350100265,-8925.460069994946,-8292.299424637675,-9879.692120359246,0.9783937634571063,0.8980670383776062,0.9400016585613792,0.9767771409300737,0.963024775960966,0.9675416615423927,0.9136702325011675,0.9717884105800517,0.9330594127704108,0.8287235390759021,0.9106959269638798,-8390.289184609275,-8559.8563654603,-9089.92369125811,-9517.271108363542,-9060.422440403827,-8399.52261027236,-8733.797721969915,-9159.594439823328,0.9206643034859632,-9155.791934241848,0.9404812261060694,0.9586470713602567,0.8989296683786285,0.8707449682777544,0.9233696419606038,0.8245646231568999,0.9015548041529704,0.9267555356174115,-8566.954913724338,0.950768825037506,0.8261339369376286,-8694.96537468075,-8428.799800278328,-9341.435979011289,-8289.513355880297,-8765.862309115231,-8935.652490314415,-8909.825533167505,-8753.498396435374,0.2991578093940555,0.20269932671848973,0.25117681852749013,0.25617160951058937,0.24525212184638523,0.15400492958556006,0.3123201585990237,22,0.32171063297234703,26,0.15880355623134706,15,16,0.2646840594805872,0.291033027073369,0.27482813960315317,11,0.190227758223667,0.30019486198491124,0.2484504407567931,33,0.27265857119490705,0.25080493199951315,34,26,22,15,171611,0.2175195495195488,0.16296113939215998,0.2798711116392152,0.25397774832044545,0.2603179583153694,0.21311806782362225,0.2376140228018054,0.1627988039828437,0.26772363126030746,12,20,16,20,20,15,20,31,18,22,0.24658490765597602,0.24307034939454622,0.27393328885847196,0.2432365084979759,0.21064308834802756,0.265424082517452,0.15969697568426466,0.23977959585351447,0.29101451708237547,14,48,13,10,23,17,31,14,15,40,0.28463842919025173,0.24552363449098474,0.22741068659463673,0.1857670789385842,0.24140531205443,0.23040649075693662,0.1994310464916321,0.25267853636036247,0.18000409013324042,36,22,17,10,21,13,19,18,18,25,0.21271974129480437,0.2869894894911649,0.16847175465182035,0.23394944854809005,0.19038345866855796,0.18681512579106527,0.1978749878373052,0.27824134203134665,0.2652703369392564,0.2122485577104547,0.19791315572687382,0.25095398605030395,0.21085047203964044,0.13447845868112232,25,0.24038202883261064,0.26314346323756727,0.1331032140108812,0.2496361031538474,0.18042234019438275,40,11,18,13,13,13,19,24,0.14922633568701538,0.21097080724494366,0.25314611144534865,0.3218666040917037,16,0.2297132641608723,0.23563259438233378,0.23318878391663517,0.18590440058984745,0.2526649112539332,0.2677799703949584,0.2816955502876995,23,0.1964828229199842,15,0.24110974414786776,0.27359381229329005,0.26668574171471243,0.22965070329098544,0.28602012778179825,21,16,24,16,16,31,25,14,0.24648497198797514,31,0.194063009048547,0.2718445987813911,21,0.19841288415401634,12,0.23980592827903147,0.23887247522565871,0.24401721128377452,0.27756999501260443,0.28456227226236097,25,18,0.2461383534582042,18,27,21,24,36,32,0.34028022416292925,16,0.2360219173002594,17,0.2430763688391353,14,0.2560727022744822,0.20664316292387525,0.29037829126905956,0.2298727203814851,0.2863167281914723,19,23,0.273500296857827,0.25291969056549224,18,24,23,24,0.24912020150814257,0.2824494914580429,0.24362818271225511,0.05706026514233978,0.23361131077755876,0.24054978530350501,0.2536982499677076,0.2318215865519217,0.24036323876137733,0.15042820505750035,0.2643478582382899,0.23091067358497333,0.22674883798961393,0.22783660329356012,0.243097910391765,0.2180430788390457,0.2391562557295717,0.24616691707658395,0.2048353715110716,0.2509537491428672,17,15,22,32,14,24,11,35,36,18,0.05882374219246554,0.25560768755270513,0.2424640657546837,0.2035436612572512,0.22601939196875603,0.25631261799258664,0.2185547825915151,0.1998086883559512,0.2997144884717286,25,0.2117585286945814,16,24,23,16,12,17,10,46,38,0.24270162050585453,0.15898761207839296,0.07843673404379706,0.25153589647282215,0.25598292674157697,0.2833924544256969,0.2695951244855418,0.2859242942929884,0.25445565353021926,0.23968473306848595,0.2385356027127575,0.24241815223532812,0.20960016084065353,0.3114381977365912,0.17207879142642185,0.29909857503511567,0.21641464375540362,0.18717956470825758,0.2707901319038837,0.1867578182787636,0.30385523305381684,0.21311371288111458,0.2942181700059344,0.2844230633548088,0.23865590589431818,0.25748217847223054,0.19266291297311322,0.22794185698794311,0.20740967738008323,0.24102524455623756,0.2632631836524653,0.08707494340916622,0.2779196946215132,0.30109833205480985,0.26072849056462183,0.2793550813552753,0.2939312610272259,0.26607386556692836,0.2688634491969043,0.2893107946639087,0.9035773101102156,0.9395395866533887,0.9499504348156679,0.842104671303044,0.8999425160099398,0.941720428696309,0.9406047880274205,0.9200132299053068,0.9713555020592921,0.9220869027735452,0.8997082230305892,random_mc2_n6_mid3_d1000_05_mr098_r10_65_uai,0.9583075258164812,0.9561228769721695,0.9764185387950861,0.9556457955119634,0.9513570780730246,0.8946023833462233,0.9066178889508519,0.9361932370784473,0.9213980831338902,0.9125774800639324,0.9174153246160253,0.9302610178936097,0.9219355625423749,0.8968592472707274,0.9744910572845358,0.8783170850982549,0.9310740437106971,0.9700047136611984,0.9777205062418403,0.916655648380562,0.8702165381985941,0.922531609381558,0.9354829506120494,0.8644577504427238,0.9718211323077539,0.925654884170377,0.948768396384322,0.8824828562730236,0.9731781441907302,0.9455450720958171,0.9763950831388238,0.9145040894299984,0.8384399861537581,-8776.7542601522,-8687.097347401283,-9001.304184367267,-8519.031764894538,-10320.840559529192,-8469.505819266438,-8728.126404684572,-9690.79748550969,-8427.672988600954,-8633.052453821037,-8751.921677374821,-8875.331857508989,-8372.818626733002,-8812.408068512632,-8412.973249533234,-8466.684817235528,-8646.878754654985,-9173.289581477224,-8760.60153417246,-9277.362851665574,-8347.06009184839,-9231.786076007094,-9026.65028495551,-9325.607208133979,-9807.472345063066,-9522.212967172522,-8994.226542093982,-9481.162596763854,-8360.643197321368,-8275.621191168351,0.9615743615360024,0.8631994594233716,-9048.11476219068,-8808.794614678633,-8577.429782197907,-8335.91395700233,-8453.293347718705,-9422.584838055838,-8908.636184313555,-8249.803968878106,-9455.172367948944,-9516.958319127334,-9879.849953654422,-8459.033040622058,-8470.888425634621,-9484.833707326681,-8682.041986087006,-8437.519305453523,-8750.540811472032,-8325.431260948277,-8636.452884282106,-8829.451206447999,-8761.357121576317,-8852.440306363907,-8390.8584818109,-8795.5523687589,-8735.15701921497,-8496.19902452127,-8715.871792134847,-8411.04193907029,-8330.543919528991,-8437.332812904127,-8820.352287144158,-9310.273906004124,-8537.64307711734,-8479.68335625633,-8794.138653199772,-8611.696843746453,-8370.804903959113,-9044.05291434667,-10149.212529035645,-8284.351361816498,0.8784382461686515,-8959.550732614,-8956.076550106407,-9528.423088242991,0.9141953154828807,0.865770491433696,0.9381470705328085,0.9364220583570938,0.9452412271519123,0.9839543707094844,0.9677219428947972,0.9271963572207806,0.8693084117160008,0.9201868628540046,-9273.687464967177,-9219.746999681105,-8315.758239686294,-8444.853929733019,-8831.652760462292,-8412.709943964977,-9348.547348602773,-8522.126286838704,-8366.257338143163,0.9764306390857138,-8740.23929799133,-9296.058717712918,-9439.270107953063,-8931.089785599394,-8890.942332708415,-8783.002824690657,-8277.450667593588,-8683.997098335345,-8612.359985962676,-8544.571106489817,-8562.682628349303,-9387.306177550272,-8410.652105381554,-9211.231129467062,-8736.867300594706,-9452.79132198537,-9010.935284801035,-8303.458623586186,0.22308440834500531,0.2306006552844595,0.1498331250158497,0.2329076625659402,0.3019833355186533,0.25873612986237565,0.24035760748933738,0.2594301076979109,-8300.174173003501,-8473.722725045383,-8402.474983233093,-8405.582217124836,-8655.408559023796,-8803.398722177904,-8867.52540206739,-8430.90211146118,-10298.552164573408,-9151.709821059498,-8897.237878571232,-8508.799135610938,-11217.142337838235,-8387.833376753653,-9101.916579693725,-8996.100131430192,-8418.054183514636,-8353.795468099357,-8871.53396215783,-8368.089279348653,-8678.534187590287,-9251.385493415148,-9386.74963847285,-8662.57658604659,14,19,19,14,14,12,26,20,22,10,-8764.886514249527,-8889.534555504826,-8259.296456608923,-8397.836700029426,-8322.937157190452,-8597.56283795653,0.17614124732960312,0.21013193248193568,0.24612425389333908,0.23462929850709288,0.17439884871647965,0.27573540338568947,0.18005205896653317,0.29854454904312155,17,0.28720342230961643,30,15,30,27,54,19,43,18,13,0.21347004739748748,26,12,29,29,33,15,28,34,27,18,0.8803032024958571,0.9720269907068164,0.9820133932832139,0.8534540106887393,0.9003085963140046,0.8714468308698843,0.9736087626111839,0.9035541643777277,0.8571491907795744,0.8286305137079075,0.8386070248209584,0.9156582511999299,0.9276498669372908,0.8759785487970537,0.8859167450546143,0.9598527668022008,0.9706135066055646,0.922196383132012,0.928569878370229,0.939850213938841,0.9659808258532848,11,17,18,9,15,18,25,14,13,27,14,37,26,13,10,24,15,24,25,18,13,26,28,28,20,23,12,23,21,28,0.3021386943445249,0.2238077425843067,0.20919284740441224,0.2621826893982173,0.21943258462283666,0.16785910723816683,0.26113533967650737,0.22612188630938362,0.299064556729112,0.2610467208306615,14,25,24,23,19,38,8,16,37,28,0.1254835504527949,0.12112893602223143,0.964167027338501,0.20168648201908038,0.8876098218300817,0.2440555661078373,0.29387679957047214,0.2744283846035454,0.9094770478456414,0.29327677814475955,0.8699701914914644,0.1963771325889363,0.9803676643696889,0.2091934467229266,0.9346524680972745,21,0.31090091611525467,0.9112264799005311,0.2603201811928336,0.9651382498769686,35,0.9014844955968272,18,0.8515012961481826,0.9314781004622319,12,30,23,10,27,34,30,0.18667566652858397,0.1847329782171319,0.2930191003271896,0.9494050484606114,0.3012556934208651,0.9800382778412274,0.25789283936773805,0.8225732895784003,0.29442972195618206,0.24574464411288238,0.9675277065778612,0.24480107637513204,0.8940417019431441,0.2207608731975522,0.853897168099383,0.2721905579620819,0.9685924607191186,34,0.28493127333755985,0.9486183748261063,6,0.9121133536468459,31,0.9284026202341128,19,0.9270931439357697,41,31,22,10,21,14,0.17637335984673982,0.1961002363840973,0.21584185488192092,0.2642697129897024,0.8726795890577371,0.28040573832166904,0.9688752483596225,0.27301483195780807,0.9682640784842943,0.25190688618826984,0.8832270430906346,0.27198562677927257,0.9702022974635213,0.1885577980750032,0.9553648500040774,0.28206502266607025,0.9842256106997451,0.9267002388872999,14,14,0.9304968017547247,16,0.8872413403079075,12,0.8969527525808713,15,15,12,14,16,8,0.252980890721471,0.21625443295732263,0.25428145424880927,0.22717759668285603,0.27240894268846316,0.25164259269549627,0.16292431821524378,0.220304493893668,0.24664768756761357,0.18842103826108317,12,19,14,0.9105156242629754,41,0.9062258073270828,38,12,46,13,28,9,0.19653777603312803,0.23890000804135195,0.2326933202949681,0.2553712015184143,0.2887077418562361,0.2533190589487101,0.2690041891767444,0.17748115678343201,0.3411325573359021,0.2985949685598655,0.9394886921288208,0.903966974468719,0.9354989960941101,-8349.011075377552,0.9642959401079944,-10369.590708126681,0.9413554349329537,-9443.582999467142,0.9311014152022246,-8453.79300442797,0.9595330614188756,-8306.227345961215,0.9028437080906144,-8828.440500375904,0.9539547535149157,0.9259426214497636,-9068.589782332938,0.7874136607955146,-9456.32080942221,-8360.921378527091,-9149.367860936894,0.19422138423322183,0.2358514799480653,0.22165294090169715,0.23327747187015338,0.19220813838874387,0.2334563681707794,0.26293715812006807,0.25639970239624604,0.29107034933827924,0.2428462631199733,0.9348913793179006,0.8095471980513451,0.9101701415195527,0.9088181533301731,0.9764784111191287,0.8560012544964415,0.9861021790753401,0.8610452045391653,0.9180610223915571,0.8482681524690173,0.9755540039640773,0.25095544917584334,0.22976062454611978,0.29771936054537457,0.23424192585118578,0.2966295128387842,0.17943544998635158,0.24776606862853934,0.26727867022749846,0.2554520906006724,0.28295578632834306,0.8823826898752171,0.8978738132243639,0.9321724934782121,0.965907929900717,0.903638151971375,0.8738492323015178,0.9764232973629406,0.9669802694372932,0.9614547288473309,0.9709079210161817,0.8959487777679895,0.21120205645052817,0.23509954150958567,0.24576530131360563,0.21998984771324973,0.20868656978797753,0.3033093631444083,0.1569060726595757,0.26613073167849494,0.24000622137329114,0.9157431150037607,0.2670807367088005,0.9165556494687281,0.964120676899343,0.8289264734332475,0.9710117574248014,0.9343567708797844,0.93801927653572,0.9744544412416097,0.8432719937610195,0.9359634449211514,0.9119628137341691,12,0.28619412056589055,30,17,13,11,18,20,14,25,14,-9308.80479703309,-8618.112585581443,-8574.23636076924,-8460.480771654587,0.28279821217097373,0.31269715550822613,0.23725094960542045,0.2575488252677589,-8300.619083181002,0.2030738140987912,-9009.181761209475,0.22840468475627407,-9078.73221279215,0.24725004746985674,-8504.320535904772,0.07986876041264772,-8353.493093166448,0.21073467601404153,-9300.862093259006,14,20,28,31,16,34,12,23,12,18,-8806.373215433596,-9001.22655541809,-8477.791570164063,-9749.772976617716,-8341.42556815333,-8870.167173040221,-9133.33944644708,-8271.120479664316,-9451.995275388243,-8868.152751090285,-8126.770847465707,-8434.13195924016,-9900.808733668573,-8386.704842159239,-8928.993596990578,-8776.083527645515,-8629.81704787775,-8464.736893956977,-8730.565656371797,-8635.581582670111,-8683.118455762049,-8567.712905227821,-8846.272918917644,28,0.9817855883642034,27,0.8986174563415714,11,0.9065813314316532,15,0.97189789988221,14,0.9298760825058205,0.8679528528121071,36,0.8668518821176494,47,0.9789101221844423,0.863896169118382,0.9519859678953141,0.912046973348448,10,15,28,-8423.971520546262,-9310.533805517092,-8493.954710209184,-8667.648729295786,-8910.474005115602,-8903.207647242327,-9407.115273770913,-8536.64982629174,0.9038526743141234,-8942.098676761554,19,0.9629415813242128,15,0.9791902668488799,48,0.883394395609464,13,0.8787539807326771,36,0.9704486831016372,19,0.9344069959098387,20,0.9650922375921926,15,0.8899445959459369,-9157.533069241219,0.9183336366124627,0.9782017225790475,13,22,-8372.180107157374,-8690.609769553033,-9311.04032219961,-9036.939027289514,-8835.814828057511,-8286.820176998332,-9693.970865930674,-11163.14644526244,13,0.8469986877224425,0.8737860822246377,23,0.9461016892592099,21,0.8858444667410417,19,0.8028063548596389,25,0.9739748434591822,26,0.9721622624828369,28,0.9359843698868409,24,0.9755336124602011,20,0.9847270343577507,-9247.874688836017,-8585.31088843301,0.9154345582794517,24,-8522.17648303159,-8234.601392553843,-8339.807504252656,-8394.326767899744,-8931.06002811244,-8657.922824671681,-8398.174566446965,-8377.417016506663,7,17,19,16,15,32,28,23,17,21,-9123.769661331953,-8762.852708244716,-9158.30348177992,-8412.657412674112,-8678.284061663684,-8815.372657139396,-9448.80943114516,-8581.4038226414,-9299.20196445592,-9002.505546036407,0.22242665031474113,0.30245241836420284,0.2976421299173353,0.2740156446408896,0.2079620709707517,0.3234699565063944,0.2235254358040163,0.19073019248668371,23,0.3027565534784352,26,34,20,20,41,15,13,13,18,0.22223788586166482,0.21544275714786923,0.24684267825859763,0.2711986901030791,-9300.641212749864,0.2142053512928902,0.2267976236267194,-8343.92274301722,0.20571654917227347,-9594.785641661834,0.258938761125235,-9174.038053613986,0.2469276455489462,-10122.952812059611,30,10,11,18,10,16,15,13,22,14,-8252.815819935393,-8589.743512485327,-8682.592475821173,-8330.590298135168,-8359.479853404802,0.2381662033892959,0.30873087788549947,0.22590681863475967,0.21123558909629334,0.26778572021651803,0.25700376387797036,0.23791077686870668,-9248.06148893899,0.28748694012642245,-8991.256073488525,0.24977653815809006,-8299.480828805998,-9199.482006968083,16,18,24,10,19,10,23,12,15,24,-9131.771668131347,-8439.52634830659,-8697.24957437055,-8420.719316675033,-8877.500607733093,0.22133742364631862,-8374.240687814474,0.28569769942965223,0.18108506692035675,0.23632396698387126,0.2721902591378043,0.23188711393839911,0.27412712205911394,0.22115306157306883,-8361.753686730508,0.2548565656663488,-9043.63785737171,-8964.193907050887,22,29,37,17,14,21,11,34,15,39,-8301.855975634191,-8277.5413937437,-9363.147803634185,-9375.0397445209,0.26316873571328775,-8307.86806021903,0.2584144673512396,-8739.62778520528,0.23446739786602083,0.13101290154641676,-8849.475314269916,0.2069304738281856,0.1918170612854911,0.26976743119755414,0.29815634666802526,0.2732795423436056,0.31499528966606816,0.26254882560152787,0.21214827143620815,0.15707433031032614,0.220338494206037,0.17685120049091382,0.2918999955987719,0.22336444756620435,0.23804397162538146,0.2311866431336044,0.2708973518279632,0.260034768817144,0.18239617798282506,0.28934240635412706,0.1953148525443311,0.2054342026447712,0.24577859397443724,0.2594754622306265,0.2513121343510888,0.2811921791100098,0.2739041027022598,0.25990330063994127,0.25493368092624735,0.22221908306287344,0.24931028954095685,0.24328802456995027,0.23555211874102294,0.2005520866256857,0.22313420576285536,0.3035934387174096,0.29251887774153995,0.20980040752184156,0.2955834704033217,0.213208007918479,0.20882780162398545,0.7244956516288529,0.9134037954676728,0.9551019736091348,0.903365984008197,0.24980375603884705,0.278889746139815,0.2492985170605751,0.11379960195208035,0.2894160500351189,0.27608853200328926,0.21559428810162815,0.2619690400281326,0.2710705252767646,0.2885027827789546,0.31027511187000584,0.22998740812524018,0.292673727925562,0.2559741002779299,0.1595798170825526,0.26678714900146705,0.22564846088030485,0.15287130719557568,/mnt/beegfs/rcabanas/dev/credici/papers/journalEM/models/synthetic/s12/random_mc2_n6_mid3_d1000_05_mr098_r10_65.uai,0.11574713275604503,0.21266322027736267,0.23211217564686895,0.2696732904009765,0.23175095303640797,0.2549203728626619,0.2227473605246703,0.07270933487836528,0.09541942951723789,0.2348371687550919,0.22356125100065388,0.29808757489177357,0.966830213249107,0.9639266047719813,0.9389240024947231,0.9231401534719077,0.9671877469058169,0.9225746771213821,0.8595053089686402,0.8539252327219291,0.9122351254814325,0.9474599097660323,0.8981728305906341,0.8657191630652112,0.9436171805070348,0.8597218081567507,0.9662474140698072,0.8822676071462232,0.949091680749631,0.959055554584739,0.7891178019587514,0.8880057395138063,0.9164643436568017,0.979108471470178,0.8742168153457094,0.9536083571087686,0.9713747161965006,0.9252838704115911,0.8609533104279421,0.9099416804172564,0.9298110235189317,0.9511034253425805,0.9018787274139377,0.9787211830479178,0.930169884451894,0.8814526958003074,0.9074030131385101,/mnt/beegfs/rcabanas/dev/credici/papers/journalEM/models/synthetic/s12/random_mc2_n6_mid3_d1000_05_mr098_r10_65_info.csv,0.8528977746058773,0.9070511557999377,0.9660110596461972,0.9772735826639765,0.9623340930566731,0.8763257202882749,0.9817963493617912,0.9358329759257455,0.9140505632983987,0.8985762162640744,0.7837118239485316,0.9719946498166172,0.8882330419965784,0.8594009246564744,0.920521676180485,0.8605601123984681,0.9613165171194783,0.9733812512757035,0.8961449401204534,0.9783949450188398,0.9653977831813724,0.9688760472982854,0.8928636926421016,0.9160502436366741,0.9711620629480511,0.9728237755520124,0.9662026305820554,0.9565184177078081,0.8728820365021501,0.8007292018189607,0.9809785332045312,0.9708470022544682,0.9436898435837434,0.9518752159184476,0.9583814048280185,0.9213657893586225,0.9241122033604461,0.9761381233889446,0.936043716499975,0.9631706373949311,0.9180260545358858,0.9755390435448534,0.963191926604644,0.9324105541340407,0.9303520050743245,0.9685267443232819,0.9239636701307525,0.9275698655693608,0.9850865400103402,0.9613733385531785,0.8624778643163168,0.9749105964126538,0.9607210195821723,0.9409847950720608,0.9204163041901023,0.9287164099402223,0.9593764477964856,0.8568174306723038,0.822560148745956
