ll_206,ll_205,ll_208,ll_207,ll_209,ll_200,datasize,ll_202,ll_201,ll_204,ll_203,exactPath,ll_240,ll_249,ll_242,stop_criteria,ll_241,ll_244,ll_243,ll_246,ll_245,ll_248,ll_247,ll_239,ll_238,ll_231,ll_230,ll_233,ll_232,ll_235,ll_234,ll_237,ll_236,ll_228,ll_227,ll_229,ll_220,ll_222,ll_221,ll_224,ll_223,ll_226,ll_225,ll_217,ll_216,ll_219,ll_218,ll_211,ll_210,ll_213,ll_212,ll_215,ll_214,ll_280,ll_282,ll_281,ll_284,ll_283,ll_286,ll_285,ll_288,ll_287,ll_289,ll_271,ll_270,ll_273,ll_272,ll_275,ll_274,ll_277,ll_276,ll_279,ll_278,ll_260,ll_262,ll_261,ll_264,ll_263,ll_266,ll_265,ll_268,ll_267,ll_269,ll_251,ll_250,ll_253,ll_252,ll_255,ll_254,ll_257,ll_256,ll_259,ll_258,iter_438,iter_439,iter_436,iter_437,iter_430,iter_431,iter_434,iter_435,iter_432,iter_433,iter_427,iter_428,iter_425,iter_426,iter_429,iter_420,iter_423,iter_424,iter_421,iter_422,iter_416,iter_417,iter_414,iter_415,iter_418,iter_419,iter_412,iter_413,iter_410,iter_411,ll_291,ll_290,ll_293,ll_292,ll_295,ll_294,iter_405,iter_406,iter_403,iter_404,iter_409,iter_407,iter_408,time_pns,iter_401,iter_402,iter_400,ll_297,ll_296,ll_299,ll_298,ratio_62,pns_349,ratio_63,pns_348,ratio_64,pns_347,ratio_65,pns_346,ratio_66,pns_345,ratio_67,pns_344,ratio_68,pns_343,ratio_69,pns_342,pns_341,iter_359,pns_340,iter_353,ratio_722,iter_354,ratio_721,iter_351,ratio_720,iter_352,iter_357,ratio_726,iter_358,ratio_725,iter_355,ratio_724,iter_356,ratio_723,ratio_729,ratio_728,ratio_727,iter_350,ratio_60,ratio_61,pns_339,ratio_51,pns_338,ratio_52,pns_337,ratio_53,pns_336,ratio_54,pns_335,ratio_55,pns_334,ratio_56,pns_333,ratio_57,pns_332,ratio_58,pns_331,ratio_59,pns_330,iter_348,iter_349,ratio_740,iter_342,ratio_733,iter_343,ratio_732,iter_340,ratio_731,iter_341,ratio_730,iter_346,ratio_737,iter_347,ratio_736,iter_344,ratio_735,iter_345,ratio_734,ratio_739,ratio_738,ratio_50,pns_328,ratio_40,pns_327,ratio_41,pns_326,ratio_42,pns_325,ratio_43,pns_324,ratio_44,pns_323,ratio_45,pns_322,ratio_46,pns_321,ratio_47,iter_339,pns_320,ratio_48,ratio_49,iter_337,iter_338,ratio_751,ratio_750,iter_331,ratio_744,iter_332,ratio_743,ratio_742,iter_330,ratio_741,iter_335,ratio_748,iter_336,ratio_747,iter_333,ratio_746,iter_334,ratio_745,ratio_749,pns_329,pns_317,pns_316,ratio_30,pns_315,ratio_31,pns_314,ratio_32,pns_313,ratio_33,pns_312,ratio_34,pns_311,ratio_35,pns_310,ratio_36,iter_328,ratio_37,iter_329,ratio_38,iter_326,ratio_39,iter_327,ratio_762,ratio_761,ratio_760,iter_320,ratio_755,iter_321,ratio_754,ratio_753,ratio_752,iter_324,ratio_759,iter_325,ratio_758,iter_322,ratio_757,iter_323,ratio_756,pns_319,pns_318,pns_306,pns_305,pns_304,pns_303,pns_302,pns_301,pns_300,iter_397,iter_398,iter_395,iter_396,iter_399,iter_390,iter_393,iter_394,pns_309,iter_391,pns_308,iter_392,pns_307,ratio_95,ratio_96,ratio_97,ratio_98,ratio_99,iter_386,iter_387,iter_384,iter_385,pns_u,iter_388,iter_389,ratio_90,iter_382,ratio_91,pns_l,iter_383,ratio_92,iter_380,ratio_93,iter_381,ratio_94,ratio_84,ratio_85,ratio_86,ratio_87,ratio_88,ratio_89,iter_375,ratio_700,iter_376,iter_373,iter_374,iter_379,ratio_704,ratio_703,iter_377,ratio_702,iter_378,ratio_701,ratio_708,ratio_707,ratio_706,ratio_705,iter_371,ratio_80,iter_372,ratio_81,ratio_82,iter_370,ratio_83,ratio_709,ratio_73,ratio_74,ratio_75,ratio_76,ratio_77,ratio_78,ratio_79,iter_364,pns_8,ratio_711,iter_365,pns_9,ratio_710,iter_362,pns_6,iter_363,pns_7,iter_368,pns_4,ratio_715,iter_369,pns_5,ratio_714,iter_366,pns_2,ratio_713,iter_367,pns_3,ratio_712,pns_0,ratio_719,pns_1,ratio_718,ratio_717,ratio_716,iter_360,iter_361,ratio_70,ratio_71,ratio_72,pns_399,pns_398,pns_397,pns_396,pns_395,pns_394,pns_393,pns_392,pns_391,pns_390,ratio_20,ratio_21,ratio_22,pns_389,ratio_23,pns_388,ratio_24,pns_387,ratio_25,pns_386,ratio_26,pns_385,ratio_27,pns_384,ratio_28,pns_383,ratio_29,pns_382,ratio_773,pns_381,ratio_772,pns_380,ratio_771,ratio_770,ratio_766,ratio_765,ratio_764,ratio_763,ratio_769,ratio_768,ratio_767,ratio_10,pns_379,ratio_11,pns_378,ratio_12,pns_377,ratio_13,pns_376,ratio_14,pns_375,ratio_15,ratio_780,pns_374,ratio_16,pns_373,ratio_17,pns_372,ratio_18,pns_371,ratio_19,ratio_784,pns_370,ratio_783,ratio_782,ratio_781,ratio_777,ratio_776,ratio_775,ratio_774,ratio_779,ratio_778,pns_369,pns_368,pns_367,pns_366,pns_365,pns_364,ratio_791,pns_363,ratio_790,pns_362,pns_361,pns_360,ratio_795,ratio_794,ratio_793,ratio_792,ratio_788,ratio_787,ratio_786,ratio_785,ratio_789,pns_359,pns_358,pns_357,pns_356,pns_355,pns_354,pns_353,pns_352,pns_351,pns_350,ratio_799,ratio_798,ratio_797,ratio_796,ll_129,ll_128,ll_121,ll_120,ll_123,ll_122,ll_125,ll_124,ll_127,ll_126,ll_118,ll_117,ll_119,ll_110,ll_112,ll_111,ll_114,ll_113,ll_116,ll_115,ll_107,ll_106,ll_109,ll_108,ll_101,ll_100,ll_103,ll_102,ll_105,ll_104,ll_161,ll_160,ll_163,ll_162,ll_165,ll_164,ll_167,ll_166,ll_169,ll_168,ll_150,ll_152,ll_151,ll_154,ll_153,ll_156,ll_155,ll_158,ll_157,ll_159,ll_141,ll_140,ll_143,ll_142,ll_145,ll_144,ll_147,ll_146,ll_149,ll_148,ll_130,ll_139,ll_132,ll_131,ll_134,ll_133,ll_136,ll_135,ll_138,ll_137,iter_317,iter_318,iter_315,iter_316,iter_319,iter_310,iter_313,iter_314,iter_311,iter_312,ll_190,ll_192,ll_191,ll_194,ll_193,ll_196,ll_195,iter_306,iter_307,iter_304,iter_305,iter_308,iter_309,iter_302,iter_303,iter_300,iter_301,ll_198,ll_197,ll_199,ll_181,ll_180,ll_183,ll_182,ll_185,iter_max,ll_184,ll_187,ll_186,ll_189,ll_188,ll_170,ll_172,ll_171,ll_174,ll_173,ll_176,ll_175,ll_178,ll_177,ll_179,pns_229,pns_228,pns_227,pns_226,pns_225,pns_224,pns_223,pns_222,pns_221,pns_220,iter_238,iter_239,iter_232,ratio_601,iter_233,ratio_600,iter_230,iter_231,iter_236,ratio_605,iter_237,ratio_604,iter_234,ratio_603,iter_235,ratio_602,ratio_609,ratio_608,ratio_607,ratio_606,pns_218,pns_217,pns_216,pns_215,pns_214,pns_213,pns_212,pns_211,iter_229,pns_210,iter_227,iter_228,iter_221,ratio_612,iter_222,ratio_611,ratio_610,iter_220,iter_225,ratio_616,iter_226,ratio_615,iter_223,ratio_614,iter_224,ratio_613,ratio_619,ratio_618,ratio_617,pns_219,pns_207,pns_206,pns_205,pns_204,pns_203,pns_202,pns_201,pns_200,iter_218,iter_219,iter_216,iter_217,ratio_630,iter_210,ratio_623,iter_211,ratio_622,ratio_621,ratio_620,iter_214,ratio_627,iter_215,ratio_626,iter_212,ratio_625,iter_213,ratio_624,ratio_629,ratio_628,pns_209,pns_208,iter_207,iter_208,iter_205,iter_206,ratio_641,ratio_640,iter_209,ratio_634,iter_200,ratio_633,ratio_632,ratio_631,iter_203,ratio_638,iter_204,ratio_637,iter_201,ratio_636,iter_202,ratio_635,ratio_639,iter_10,iter_11,iter_16,ll_918,iter_17,ll_917,iter_18,iter_19,ll_919,iter_12,iter_13,iter_14,iter_15,iter_276,ll_921,iter_277,ll_920,iter_274,ll_923,iter_275,ll_922,ll_925,ll_924,iter_278,ll_927,iter_279,ll_926,iter_272,iter_273,iter_270,iter_271,ll_907,ll_906,ll_909,ll_908,iter_265,ll_910,iter_266,iter_263,ll_912,iter_264,ll_911,iter_269,ll_914,ll_913,iter_267,ll_916,iter_268,ll_915,iter_261,iter_262,iter_260,iter_30,iter_31,iter_32,iter_33,iter_38,iter_39,iter_34,iter_35,iter_36,iter_37,iter_254,iter_255,iter_252,ll_901,iter_253,ll_900,iter_258,ll_903,iter_259,ll_902,iter_256,ll_905,iter_257,ll_904,iter_250,iter_251,iter_20,iter_21,iter_22,iter_27,iter_28,iter_29,iter_249,iter_23,iter_24,iter_25,iter_26,iter_243,iter_244,iter_241,iter_242,iter_247,iter_248,iter_245,iter_246,iter_240,iter_52,iter_53,iter_54,iter_55,iter_50,iter_51,ratio_692,ratio_691,ratio_690,iter_56,ratio_696,iter_57,ratio_695,iter_58,ratio_694,iter_59,ratio_693,ratio_689,ll_965,ratio_688,ll_964,ratio_687,ll_967,ratio_686,ll_966,ll_969,ll_968,ll_961,ll_960,ll_963,ll_962,iter_41,iter_42,iter_43,iter_44,iter_40,pns_299,iter_49,pns_298,pns_297,pns_296,pns_295,iter_45,pns_294,iter_46,pns_293,iter_47,pns_292,iter_48,pns_291,ll_954,ratio_699,ll_953,ratio_698,ll_956,ratio_697,ll_955,ll_958,ll_957,ll_959,ll_950,ll_952,ll_951,iter_74,iter_75,iter_76,iter_77,iter_70,iter_71,iter_72,pns_289,iter_73,pns_288,pns_287,pns_286,ll_939,pns_285,pns_284,iter_78,pns_283,iter_79,pns_282,pns_281,pns_280,iter_298,pns_290,ll_943,iter_299,ll_942,iter_296,ll_945,iter_297,ll_944,ll_947,ll_946,ll_949,ll_948,iter_290,iter_291,iter_80,iter_294,iter_295,iter_292,ll_941,iter_293,ll_940,iter_63,iter_64,iter_65,iter_66,iter_60,pns_279,iter_61,pns_278,iter_62,pns_277,pns_276,ll_929,pns_275,ll_928,pns_274,pns_273,iter_67,pns_272,iter_68,pns_271,iter_69,pns_270,iter_287,ll_932,iter_288,ll_931,iter_285,ll_934,iter_286,ll_933,ll_936,ll_935,iter_289,ll_938,ll_937,iter_280,iter_283,iter_284,iter_281,ll_930,iter_282,iter_96,iter_97,iter_98,iter_99,iter_92,pns_269,iter_93,pns_268,iter_94,pns_267,iter_95,pns_266,pns_265,pns_264,pns_263,threshold,pns_262,pns_261,ratio_652,pns_260,ratio_651,ratio_650,ratio_645,ratio_644,ratio_643,ratio_642,ratio_649,ratio_648,ratio_647,ratio_646,iter_85,iter_86,iter_87,iter_88,pns_259,iter_81,pns_258,iter_82,pns_257,iter_83,pns_256,iter_84,pns_255,pns_254,pns_253,pns_252,pns_251,iter_89,pns_250,ratio_663,ratio_662,ratio_661,ratio_660,ratio_656,ll_998,ratio_655,ll_997,ratio_654,ratio_653,ll_999,ratio_659,ratio_658,ratio_657,ll_990,iter_90,ll_992,iter_91,ll_991,ll_994,ll_993,ll_996,ll_995,pns_249,pns_248,pns_247,pns_246,pns_245,pns_244,pns_243,ratio_670,pns_242,pns_241,pns_240,ratio_674,ratio_673,ratio_672,ratio_671,ratio_667,ll_987,ratio_666,ll_986,ratio_665,ll_989,ratio_664,ll_988,ratio_669,ratio_668,ll_981,ll_980,ll_983,ll_982,ll_985,ll_984,pns_239,pns_238,pns_237,pns_236,pns_235,pns_234,pns_233,pns_232,ratio_681,pns_231,ratio_680,pns_230,ratio_685,ratio_684,ratio_683,ratio_682,ratio_678,ll_976,ratio_677,ll_975,ratio_676,ll_978,ratio_675,ll_977,ll_979,ratio_679,ll_970,ll_972,ll_971,ll_974,ll_973,trueState,ll_89,ll_90,ll_91,ll_96,ll_97,ll_98,ll_99,ll_92,ll_93,ll_94,ll_95,ll_78,ll_79,ll_80,ll_85,ll_86,ll_87,ll_88,ll_81,ll_82,ll_83,ll_84,ll_899,ll_898,ll_891,ll_890,ll_893,ll_892,ll_895,ll_894,ll_897,ll_896,pns_625,pns_624,pns_623,pns_622,pns_621,pns_620,iter_636,iter_637,iter_634,iter_635,iter_638,iter_639,iter_632,iter_633,iter_630,iter_631,pns_629,pns_628,pns_627,pns_626,pns_614,pns_613,pns_612,pns_611,pns_610,iter_625,iter_626,iter_623,iter_624,iter_629,iter_627,iter_628,iter_621,iter_622,iter_620,pns_619,pns_618,pns_617,pns_616,pns_615,pns_603,pns_602,pns_601,pns_600,iter_614,iter_615,iter_612,iter_613,iter_618,iter_619,iter_616,iter_617,iter_610,ratio_902,iter_611,ratio_901,ratio_900,ratio_906,ratio_905,pns_609,ratio_904,pns_608,ratio_903,pns_607,pns_606,ratio_909,pns_605,ratio_908,pns_604,ratio_907,iter_609,iter_603,iter_604,iter_601,iter_602,iter_607,iter_608,iter_605,iter_606,ratio_913,iter_600,ratio_912,ratio_911,ratio_910,ratio_917,ratio_916,ratio_915,ratio_914,ratio_919,ratio_918,iter_678,iter_679,iter_672,iter_673,iter_670,iter_671,iter_676,iter_677,iter_674,iter_675,iter_669,iter_667,iter_668,iter_661,iter_662,iter_660,iter_665,iter_666,iter_663,iter_664,iter_658,iter_659,iter_656,iter_657,iter_650,iter_651,iter_654,iter_655,iter_652,iter_653,iter_647,iter_648,iter_645,iter_646,iter_649,iter_640,iter_643,iter_644,iter_641,iter_642,pns_589,pns_588,pns_587,pns_586,pns_585,pns_584,pns_583,pns_582,pns_581,pns_580,ratio_971,ratio_970,iter_595,ratio_964,iter_596,ratio_963,iter_593,ratio_962,iter_594,ratio_961,iter_599,ratio_968,ratio_967,iter_597,ratio_966,iter_598,ratio_965,ratio_969,iter_591,iter_592,iter_590,pns_579,pns_578,pns_577,pns_576,pns_575,pns_574,pns_573,pns_572,pns_571,pns_570,ratio_982,ratio_981,ratio_980,iter_584,ratio_975,iter_585,ratio_974,iter_582,ratio_973,iter_583,ratio_972,iter_588,ratio_979,iter_589,ratio_978,iter_586,ratio_977,iter_587,ratio_976,iter_580,iter_581,pns_569,pns_568,pns_567,pns_566,pns_565,pns_564,pns_563,pns_562,pns_561,iter_579,pns_560,ratio_993,ratio_992,ratio_991,ratio_990,iter_573,ratio_986,iter_574,ratio_985,iter_571,ratio_984,iter_572,ratio_983,iter_577,iter_578,ratio_989,iter_575,ratio_988,iter_576,ratio_987,iter_570,pns_559,pns_558,pns_557,pns_556,pns_555,pns_554,pns_553,pns_552,pns_551,pns_550,iter_568,iter_569,iter_562,ratio_997,iter_563,ratio_996,iter_560,ratio_995,iter_561,ratio_994,iter_566,iter_567,iter_564,ratio_999,iter_565,ratio_998,pns_548,pns_547,pns_546,pns_545,pns_544,pns_543,pns_542,pns_541,pns_540,ratio_920,ll_800,ll_802,ll_801,ratio_924,ll_804,ratio_923,ll_803,ratio_922,ll_806,ratio_921,ll_805,ratio_928,ratio_927,ratio_926,ratio_925,pns_549,ratio_929,pns_537,pns_536,pns_535,pns_534,pns_533,pns_532,pns_531,pns_530,ratio_931,ratio_930,ratio_935,ratio_934,ratio_933,ratio_932,ratio_939,ratio_938,ratio_937,ratio_936,pns_539,pns_538,pns_526,pns_525,pns_524,pns_523,pns_522,pns_521,pns_520,ratio_942,ratio_941,ratio_940,ratio_946,ratio_945,ratio_944,ratio_943,ratio_949,ratio_948,ratio_947,pns_529,pns_528,pns_527,pns_515,pns_514,pns_513,pns_512,pns_511,pns_510,ratio_960,ratio_953,ratio_952,ratio_951,ratio_950,ratio_957,ratio_956,ratio_955,ratio_954,ratio_959,ratio_958,pns_519,pns_518,pns_517,pns_516,ll_844,ll_843,ll_846,ll_845,ll_848,ll_847,ll_849,ll_10,ll_11,ll_840,ll_842,ll_841,ll_829,ratio_102,ratio_101,ratio_100,ll_833,ll_832,ll_835,ll_834,ll_837,ll_836,ll_839,ll_838,ll_831,ll_830,ll_27,ll_28,ll_29,ll_23,ll_24,ll_25,ll_26,ll_819,ll_818,ratio_113,ratio_112,ratio_111,ratio_110,ratio_106,ll_822,ratio_105,ll_821,ratio_104,ll_824,ratio_103,ll_823,ll_826,ratio_109,ll_825,ratio_108,ll_828,ratio_107,ll_827,ll_30,ll_31,ll_32,ll_33,ll_820,ll_16,ll_17,ll_18,ll_19,ll_12,ll_13,ll_14,ll_15,ratio_120,ll_808,ll_807,ll_809,ratio_124,ratio_123,ratio_122,ratio_121,ratio_117,ll_811,ratio_116,ll_810,ratio_115,ll_813,ratio_114,ll_812,ll_815,ll_814,ratio_119,ll_817,ratio_118,ll_816,ll_20,ll_21,ll_22,ll_49,ll_45,ll_46,ll_47,ll_48,ll_888,ll_887,ll_889,ll_52,ll_880,ll_53,ll_54,ll_882,ll_55,ll_881,ll_884,ll_883,ll_50,ll_886,ll_51,ll_885,ll_38,ll_39,ll_34,ll_35,ll_36,ll_37,ll_877,ll_876,ll_879,ll_878,effect,ll_41,ll_42,ll_43,ll_871,ll_44,ll_870,ll_873,ll_872,ll_875,ll_40,ll_874,ll_67,ll_68,ll_69,ll_866,ll_865,ll_868,ll_867,ll_869,ll_74,ll_75,ll_76,ll_860,ll_77,ll_70,ll_862,ll_71,ll_861,ll_72,ll_864,ll_73,ll_863,pns_599,ll_56,pns_598,ll_57,pns_597,ll_58,pns_596,ll_59,pns_595,pns_594,pns_593,pns_592,pns_591,pns_590,ll_855,ll_854,ll_857,ll_856,ll_859,ll_858,ll_63,ll_64,ll_65,ll_66,ll_851,ll_60,ll_850,ll_61,ll_853,ll_62,ll_852,ll_790,ll_799,ll_792,ll_791,ll_794,ll_793,ll_796,ll_795,ll_798,ll_797,ll_789,ll_788,ll_781,ll_780,ll_783,ll_782,ll_785,ll_784,ll_787,ll_786,ll_778,ll_777,ll_779,ll_770,ll_772,ll_771,ll_774,ll_773,ll_776,ll_775,pns_504,pns_503,pns_502,pns_501,pns_500,iter_515,iter_516,iter_513,iter_514,iter_519,iter_517,iter_518,iter_511,iter_512,iter_510,pns_509,pns_508,pns_507,pns_506,pns_505,iter_504,iter_505,iter_502,iter_503,iter_508,iter_509,iter_506,iter_507,iter_500,iter_501,iter_559,iter_557,iter_558,iter_551,iter_552,iter_550,iter_555,iter_556,iter_553,iter_554,iter_548,iter_549,iter_546,iter_547,iter_540,iter_541,iter_544,iter_545,iter_542,iter_543,iter_537,iter_538,iter_535,iter_536,iter_539,iter_530,iter_533,iter_534,iter_531,iter_532,iter_526,iter_527,iter_524,iter_525,iter_528,iter_529,iter_522,iter_523,iter_520,iter_521,pns_469,pns_468,pns_467,pns_466,pns_465,pns_464,pns_463,pns_462,pns_461,pns_460,ratio_850,iter_474,ratio_843,iter_475,ratio_842,iter_472,ratio_841,iter_473,ratio_840,iter_478,ratio_847,iter_479,ratio_846,iter_476,ratio_845,iter_477,ratio_844,ratio_849,ratio_848,iter_470,iter_471,pns_459,pns_458,pns_457,pns_456,pns_455,pns_454,pns_453,pns_452,pns_451,iter_469,pns_450,ratio_861,ratio_860,iter_463,ratio_854,iter_464,ratio_853,iter_461,ratio_852,iter_462,ratio_851,iter_467,ratio_858,iter_468,ratio_857,iter_465,ratio_856,iter_466,ratio_855,ratio_859,iter_460,pns_449,pns_448,pns_447,pns_446,pns_445,pns_444,pns_443,pns_442,pns_441,pns_440,iter_458,iter_459,ratio_872,ratio_871,ratio_870,iter_452,ratio_865,iter_453,ratio_864,iter_450,ratio_863,iter_451,ratio_862,iter_456,ratio_869,iter_457,ratio_868,iter_454,ratio_867,iter_455,ratio_866,pns_438,pns_437,pns_436,pns_435,pns_434,pns_433,pns_432,pns_431,iter_449,pns_430,iter_447,iter_448,ratio_883,ratio_882,ratio_881,ratio_880,iter_441,ratio_876,iter_442,ratio_875,ratio_874,iter_440,ratio_873,iter_445,iter_446,ratio_879,iter_443,ratio_878,iter_444,ratio_877,pns_439,pns_427,pns_426,pns_425,pns_424,pns_423,pns_422,pns_421,pns_420,ratio_803,ratio_802,ratio_801,ratio_800,ratio_807,ratio_806,ratio_805,ratio_804,pns_429,ratio_809,pns_428,ratio_808,pns_416,pns_415,pns_414,pns_413,pns_412,pns_411,pns_410,ratio_810,ratio_814,ratio_813,ratio_812,ratio_811,ratio_818,ratio_817,ratio_816,ratio_815,pns_419,pns_418,pns_417,ratio_819,pns_405,pns_404,pns_403,pns_402,pns_401,pns_400,iter_496,ratio_821,iter_497,ratio_820,iter_494,iter_495,ratio_825,ratio_824,iter_498,ratio_823,iter_499,ratio_822,ratio_829,ratio_828,ratio_827,ratio_826,iter_492,pns_409,iter_493,pns_408,iter_490,pns_407,iter_491,pns_406,iter_485,ratio_832,iter_486,ratio_831,iter_483,ratio_830,iter_484,iter_489,ratio_836,ratio_835,iter_487,ratio_834,iter_488,ratio_833,ratio_839,ratio_838,ratio_837,iter_481,iter_482,iter_480,ll_719,ll_723,ll_722,ll_725,ll_724,ll_727,ll_726,ll_729,ll_728,ll_721,ll_720,method,ll_709,ll_708,ll_712,ll_711,ll_714,ll_713,ll_716,ll_715,ll_718,ll_717,exact,ll_710,ll_701,ll_700,ll_703,ll_702,ll_705,ll_704,ll_707,ll_706,ratio_890,ratio_894,ratio_893,ratio_892,ratio_891,ratio_887,ll_767,ratio_886,ll_766,ratio_885,ll_769,ratio_884,ll_768,ratio_889,ratio_888,ll_761,ll_760,ll_763,ll_762,ll_765,ll_764,pns_499,pns_498,pns_497,pns_496,pns_495,pns_494,pns_493,pns_492,pns_491,pns_490,ratio_898,ll_756,ratio_897,ll_755,ratio_896,ll_758,ratio_895,ll_757,ll_759,ratio_899,ll_750,ll_752,ll_751,ll_754,ll_753,pns_489,pns_488,pns_487,pns_486,pns_485,pns_484,pns_483,pns_482,pns_481,pns_480,ll_745,ll_744,ll_747,ll_746,ll_749,ll_748,ll_741,ll_740,ll_743,ll_742,pns_479,pns_478,pns_477,pns_476,pns_475,pns_474,pns_473,pns_472,pns_471,pns_470,ll_734,ll_733,ll_736,ll_735,ll_738,ll_737,ll_739,ll_730,ll_732,ll_731,ratio_292,ratio_291,ratio_290,ll_680,ratio_296,ratio_295,ratio_294,ratio_293,ratio_299,ratio_298,ratio_297,ll_689,ll_682,ll_681,ll_684,ll_683,ll_686,ll_685,ll_688,ll_687,ll_679,ll_678,ll_671,ll_670,ll_673,ll_672,ll_675,ll_674,ll_677,ll_676,ll_668,ll_667,ll_669,ll_660,ll_662,ll_661,ll_664,ll_663,ll_666,ll_665,ll_657,ll_656,ll_659,ll_658,ll_651,ll_650,ll_653,ll_652,ll_655,ll_654,iter_834,ratio_252,iter_835,ratio_251,iter_832,ratio_250,iter_833,iter_838,ratio_256,iter_839,ratio_255,iter_836,ratio_254,iter_837,ratio_253,ratio_249,ratio_248,ratio_247,ratio_246,iter_830,iter_831,iter_829,iter_823,ratio_263,iter_824,ratio_262,iter_821,ratio_261,iter_822,ratio_260,iter_827,ratio_267,iter_828,ratio_266,iter_825,ratio_265,iter_826,ratio_264,ratio_259,ratio_258,ratio_257,iter_820,iter_818,iter_819,ratio_270,iter_812,ratio_274,iter_813,ratio_273,iter_810,ratio_272,iter_811,ratio_271,iter_816,ratio_278,iter_817,ratio_277,iter_814,ratio_276,iter_815,ratio_275,ratio_269,ratio_268,iter_809,iter_807,iter_808,ratio_281,ratio_280,ll_691,ll_690,iter_801,ratio_285,iter_802,ratio_284,ratio_283,iter_800,ratio_282,iter_805,ratio_289,iter_806,ratio_288,iter_803,ratio_287,iter_804,ratio_286,ratio_279,ll_693,ll_692,ll_695,ll_694,ll_697,ll_696,ll_699,ll_698,pns_867,pns_866,pns_865,pns_864,pns_863,pns_862,pns_861,pns_860,iter_878,iter_879,iter_876,iter_877,iter_870,iter_871,iter_874,iter_875,iter_872,iter_873,pns_869,pns_868,pns_856,pns_855,pns_854,pns_853,pns_852,pns_851,pns_850,iter_867,iter_868,iter_865,iter_866,iter_869,iter_860,iter_863,iter_864,iter_861,iter_862,pns_859,pns_858,pns_857,pns_845,pns_844,pns_843,pns_842,pns_841,pns_840,iter_856,iter_857,iter_854,iter_855,iter_858,iter_859,iter_852,iter_853,iter_850,iter_851,pns_849,pns_848,pns_847,pns_846,pns_834,pns_833,pns_832,pns_831,pns_830,iter_845,iter_846,iter_843,iter_844,iter_849,iter_847,iter_848,iter_841,iter_842,iter_840,pns_839,pns_838,pns_837,pns_836,pns_835,pns_823,pns_822,pns_821,pns_820,pns_829,pns_828,pns_827,pns_826,pns_825,pns_824,pns_812,pns_811,pns_810,pns_819,pns_818,pns_817,pns_816,pns_815,pns_814,pns_813,pns_801,pns_800,cause,iter_898,iter_899,iter_892,iter_893,iter_890,iter_891,iter_896,iter_897,iter_894,iter_895,pns_809,pns_808,pns_807,pns_806,pns_805,pns_804,pns_803,pns_802,iter_889,iter_887,iter_888,iter_881,iter_882,iter_880,iter_885,iter_886,iter_883,iter_884,pns_799,pns_798,pns_797,pns_796,pns_795,pns_794,pns_793,pns_792,pns_791,pns_790,pns_789,pns_788,pns_787,pns_786,pns_785,pns_784,pns_783,pns_782,pns_781,pns_780,pns_779,pns_778,pns_777,pns_776,pns_775,pns_774,pns_773,pns_772,pns_771,pns_770,pns_768,pns_767,pns_766,pns_765,pns_764,pns_763,pns_762,pns_761,pns_760,pns_769,pns_757,pns_756,pns_755,pns_754,pns_753,pns_752,pns_751,pns_750,pns_759,pns_758,ratio_333,ratio_332,ratio_331,ratio_330,ratio_326,ll_602,ratio_325,ll_601,ratio_324,ll_604,ratio_323,ll_603,ll_606,ratio_329,ll_605,ratio_328,ll_608,ratio_327,ll_607,ll_600,ratio_340,ratio_344,ratio_343,ratio_342,ratio_341,ratio_337,ratio_336,ratio_335,ratio_334,ratio_339,ratio_338,ratio_351,ratio_350,ratio_355,ratio_354,ratio_353,ratio_352,ratio_348,ratio_347,ratio_346,ratio_345,ratio_349,ratio_362,ratio_361,ratio_360,ratio_366,ratio_365,ratio_364,ratio_363,ratio_359,ratio_358,ratio_357,ratio_356,ll_646,ll_645,ll_648,ll_647,falseState,ll_649,ll_640,ll_642,ll_641,ll_644,ll_643,ratio_300,ll_635,ll_634,ll_637,ll_636,ll_639,ll_638,ll_631,ll_630,ll_633,ll_632,ratio_311,ratio_310,ratio_304,ll_624,ratio_303,ll_623,ratio_302,ll_626,ratio_301,ll_625,ratio_308,ll_628,ratio_307,ll_627,ratio_306,ratio_305,ll_629,ratio_309,ll_620,ll_622,ll_621,ll_609,ratio_322,ratio_321,ratio_320,ratio_315,ll_613,ratio_314,ll_612,ratio_313,ll_615,ratio_312,ll_614,ratio_319,ll_617,ratio_318,ll_616,ratio_317,ll_619,ratio_316,ll_618,ll_611,ll_610,pns_91,pns_92,pns_90,pns_95,ratio_171,pns_96,ratio_170,pns_93,pns_94,pns_99,ratio_175,ratio_174,pns_97,ratio_173,pns_98,ratio_172,ratio_179,ratio_178,ratio_177,ratio_176,ll_569,ll_568,ratio_169,ll_561,ll_560,ll_563,ll_562,ll_565,ll_564,ll_567,ll_566,pns_80,pns_81,pns_84,ratio_182,pns_85,ratio_181,pns_82,ratio_180,pns_83,pns_88,ratio_186,pns_89,ratio_185,pns_86,ratio_184,pns_87,ratio_183,ratio_189,ratio_188,ratio_187,ll_558,ll_557,ll_559,ll_550,ll_552,ll_551,ll_554,ll_553,ll_556,ll_555,pns_70,pns_73,ratio_193,pns_74,ratio_192,pns_71,ratio_191,pns_72,ratio_190,pns_77,ratio_197,pns_78,ratio_196,pns_75,ratio_195,pns_76,ratio_194,pns_79,ratio_199,ratio_198,ll_547,ll_546,ll_549,ll_548,ll_541,ll_540,ll_543,ll_542,ll_545,ll_544,pns_62,pns_63,pns_60,pns_61,pns_66,pns_67,pns_64,pns_65,pns_68,pns_69,ll_536,ll_535,ll_538,ll_537,ll_539,ll_530,ll_532,ll_531,ll_534,ll_533,iter_719,iter_713,ratio_131,iter_714,ratio_130,iter_711,iter_712,iter_717,ratio_135,iter_718,ratio_134,iter_715,ratio_133,iter_716,ratio_132,ratio_128,ratio_127,ratio_126,ratio_125,iter_710,ratio_129,iter_708,iter_709,ll_590,ll_592,ll_591,iter_702,ratio_142,iter_703,ratio_141,iter_700,ratio_140,iter_701,iter_706,ratio_146,iter_707,ratio_145,iter_704,ratio_144,iter_705,ratio_143,ratio_139,ratio_138,ratio_137,ratio_136,ll_594,ll_593,ll_596,ll_595,ll_598,ll_597,ll_599,ll_581,ll_580,ratio_153,ratio_152,ratio_151,ratio_150,ratio_157,ratio_156,ratio_155,ratio_154,ratio_149,ratio_148,ratio_147,ll_583,ll_582,ll_585,ll_584,ll_587,ll_586,ll_589,ll_588,ratio_160,ll_570,ratio_164,ratio_163,ratio_162,ratio_161,ratio_168,ratio_167,ratio_166,ratio_165,ll_579,ratio_159,ratio_158,ll_572,ll_571,ll_574,ll_573,ll_576,ll_575,ll_578,ll_577,pns_746,pns_745,pns_744,pns_743,pns_742,pns_741,pns_740,iter_757,pns_11,iter_758,pns_12,iter_755,iter_756,pns_10,pns_15,pns_16,iter_759,pns_13,pns_14,pns_19,iter_750,pns_17,pns_18,iter_753,iter_754,iter_751,iter_752,time_learn,pns_749,pns_748,pns_747,pns_735,pns_734,pns_733,pns_732,pns_731,pns_730,iter_746,iter_747,iter_744,iter_745,iter_748,iter_749,iter_742,iter_743,iter_740,iter_741,pns_739,pns_738,pns_737,pns_736,pns_724,pns_723,pns_722,pns_721,pns_720,iter_735,iter_736,iter_733,iter_734,iter_739,iter_737,iter_738,iter_731,iter_732,iter_730,pns_729,pns_728,pns_727,pns_726,pns_725,pns_713,pns_712,pns_711,pns_710,iter_724,iter_725,iter_722,iter_723,iter_728,iter_729,iter_726,iter_727,iter_720,iter_721,pns_719,pns_718,pns_717,pns_716,pns_715,pns_714,pns_702,pns_701,pns_700,pns_51,pns_52,pns_50,pns_55,pns_56,iter_799,pns_53,pns_54,pns_59,pns_57,pns_58,iter_793,iter_794,iter_791,iter_792,iter_797,iter_798,iter_795,iter_796,pns_709,pns_708,pns_707,pns_706,iter_790,pns_705,pns_704,pns_703,pns_40,pns_41,pns_44,pns_45,iter_788,pns_42,iter_789,pns_43,pns_48,pns_49,pns_46,pns_47,iter_782,iter_783,iter_780,iter_781,iter_786,iter_787,iter_784,iter_785,pns_30,iter_779,pns_33,pns_34,iter_777,pns_31,iter_778,pns_32,pns_37,pns_38,pns_35,pns_36,iter_771,iter_772,pns_39,iter_770,iter_775,iter_776,iter_773,iter_774,iter_768,pns_22,iter_769,pns_23,iter_766,pns_20,iter_767,pns_21,pns_26,pns_27,pns_24,pns_25,iter_760,iter_761,pns_28,pns_29,iter_764,iter_765,iter_762,iter_763,pns_699,pns_698,pns_697,pns_696,pns_695,pns_694,pns_693,pns_692,pns_691,pns_690,pns_689,pns_688,pns_687,pns_686,pns_685,pns_684,pns_683,pns_682,pns_681,pns_680,iter_694,iter_695,iter_692,iter_693,iter_698,iter_699,iter_696,iter_697,iter_690,iter_691,pns_679,pns_678,pns_677,pns_676,pns_675,pns_674,pns_673,pns_672,pns_671,iter_689,pns_670,iter_683,iter_684,iter_681,iter_682,iter_687,iter_688,iter_685,iter_686,iter_680,pns_669,pns_668,pns_667,pns_666,pns_665,pns_664,pns_663,pns_662,pns_661,pns_660,pns_658,pns_657,pns_656,pns_655,pns_654,pns_653,pns_652,pns_651,pns_650,pns_659,pns_647,pns_646,pns_645,pns_644,pns_643,pns_642,pns_641,pns_640,pns_649,pns_648,pns_636,pns_635,pns_634,pns_633,pns_632,pns_631,pns_630,pns_639,pns_638,pns_637,ratio_212,ratio_211,ratio_210,ratio_205,ratio_204,ratio_203,ratio_202,ratio_209,ratio_208,ratio_207,ratio_206,modelID,ratio_223,ratio_222,ratio_221,ratio_220,ratio_216,ratio_215,ratio_214,ratio_213,ratio_219,ratio_218,ratio_217,ratio_230,ratio_234,ratio_233,ratio_232,ratio_231,ratio_227,ratio_226,ratio_225,ratio_224,ratio_229,ratio_228,ratio_241,ratio_240,ratio_245,ratio_244,ratio_243,ratio_242,ratio_238,ratio_237,ratio_236,ratio_235,ratio_239,ll_525,ll_524,ll_527,ll_526,ll_529,ll_528,ll_521,ll_520,ll_523,ll_522,ll_514,ll_513,ll_516,ll_515,ll_518,ll_517,ll_519,ll_510,ll_512,ll_511,ll_503,ll_502,ll_505,ll_504,ll_507,ll_506,ll_509,ll_508,ll_501,ll_500,ratio_201,ratio_200,ll_448,ll_447,ll_449,ll_440,ll_442,ll_441,ll_444,ll_443,ll_446,ll_445,ll_437,ll_436,ll_439,ll_438,ll_431,ll_430,ll_433,ll_432,ll_435,ll_434,ll_426,ll_425,ll_428,ll_427,ll_429,ll_420,ll_422,ll_421,ll_424,ll_423,ll_415,ll_414,ll_417,ll_416,ll_419,ll_418,ll_411,ll_410,ll_413,ll_412,ratio_490,ll_480,ll_482,ll_481,ratio_494,ratio_493,ratio_492,ratio_491,ratio_498,ratio_497,ratio_496,ratio_495,ratio_489,ratio_488,ll_484,ll_483,ll_486,ll_485,ll_488,ll_487,ll_489,ll_471,ll_470,ratio_499,ll_473,ll_472,ll_475,ll_474,ll_477,ll_476,ll_479,ll_478,ll_460,ll_469,ll_462,ll_461,ll_464,ll_463,ll_466,ll_465,ll_468,ll_467,pns_199,pns_198,pns_197,pns_196,pns_195,pns_194,pns_193,pns_192,ll_459,ll_458,ll_451,ll_450,ll_453,ll_452,ll_455,ll_454,ll_457,ll_456,ll_1,ll_2,ll_0,ll_5,ll_6,ll_3,ll_4,ll_9,ll_7,ll_8,ll_491,ll_490,ll_493,ll_492,iter_9,iter_8,iter_7,iter_6,iter_5,iter_4,iter_3,iter_2,iter_1,iter_0,ll_495,ll_494,ll_497,ll_496,ll_499,ll_498,pns_108,pns_107,pns_106,pns_105,pns_104,pns_103,pns_102,pns_101,iter_119,pns_100,iter_117,iter_118,iter_111,iter_112,iter_110,iter_115,iter_116,iter_113,iter_114,pns_109,iter_108,iter_109,iter_106,iter_107,iter_100,iter_101,iter_104,iter_105,iter_102,iter_103,ratio_502,ratio_501,ratio_500,ratio_506,ratio_505,ratio_504,ratio_503,ratio_509,ratio_508,ratio_507,ratio_520,ratio_513,ratio_512,ratio_511,ratio_510,ratio_517,ratio_516,ratio_515,ratio_514,ratio_519,ratio_518,iter_155,iter_156,iter_153,iter_154,iter_159,iter_157,iter_158,iter_151,iter_152,iter_150,iter_144,iter_145,iter_142,iter_143,iter_148,iter_149,iter_146,iter_147,iter_140,iter_141,iter_139,iter_133,iter_134,iter_131,iter_132,iter_137,iter_138,iter_135,iter_136,iter_130,pns_999,pns_998,pns_997,pns_996,pns_995,pns_994,pns_993,pns_992,pns_991,pns_990,iter_128,iter_129,iter_122,iter_123,iter_120,iter_121,iter_126,iter_127,iter_124,iter_125,pns_189,pns_188,ratio_571,pns_187,ratio_570,pns_186,pns_185,pns_184,ratio_575,pns_183,ratio_574,pns_182,ratio_573,pns_181,ratio_572,iter_199,pns_191,ratio_568,pns_190,ratio_567,iter_197,ratio_566,iter_198,ratio_565,ratio_569,iter_191,iter_192,iter_190,iter_195,iter_196,iter_193,iter_194,pns_179,pns_178,pns_177,ratio_582,pns_176,ratio_581,pns_175,ratio_580,pns_174,pns_173,ratio_586,pns_172,ratio_585,pns_171,ratio_584,pns_170,ratio_583,iter_188,pns_180,ratio_579,iter_189,ratio_578,iter_186,ratio_577,iter_187,ratio_576,iter_180,iter_181,iter_184,iter_185,iter_182,iter_183,pns_169,pns_168,pns_167,pns_166,ratio_593,pns_165,ratio_592,pns_164,ratio_591,pns_163,ratio_590,pns_162,ratio_597,pns_161,ratio_596,pns_160,ratio_595,ratio_594,iter_177,iter_178,ratio_589,iter_175,ratio_588,iter_176,ratio_587,iter_179,iter_170,iter_173,iter_174,iter_171,iter_172,pns_159,pns_158,pns_157,pns_156,pns_155,pns_154,pns_153,pns_152,pns_151,pns_150,iter_166,iter_167,iter_164,ratio_599,iter_165,ratio_598,iter_168,iter_169,iter_162,iter_163,iter_160,iter_161,pns_149,pns_148,pns_147,pns_146,pns_145,pns_144,pns_143,pns_142,pns_141,pns_140,ratio_531,ratio_530,ratio_524,ll_404,ratio_523,ll_403,ratio_522,ll_406,ratio_521,ll_405,ratio_528,ll_408,ratio_527,ll_407,ratio_526,ratio_525,ll_409,ratio_529,ll_400,ll_402,ll_401,pns_139,pns_138,pns_137,pns_136,pns_135,pns_134,pns_133,pns_132,pns_131,pns_130,ratio_542,ratio_541,ratio_540,ratio_535,ratio_534,ratio_533,ratio_532,ratio_539,ratio_538,ratio_537,ratio_536,pns_129,pns_128,pns_127,pns_126,pns_125,pns_124,pns_123,pns_122,pns_121,pns_120,ratio_553,ratio_552,ratio_551,ratio_550,ratio_546,ratio_545,ratio_544,ratio_543,ratio_549,ratio_548,ratio_547,pns_119,pns_118,pns_117,pns_116,pns_115,pns_114,pns_113,pns_112,pns_111,ratio_560,pns_110,ratio_564,ratio_563,ratio_562,ratio_561,ratio_557,ratio_556,ratio_555,ratio_554,ratio_559,ratio_558,iter_919,pns_900,iter_917,iter_918,iter_911,iter_912,iter_910,iter_915,iter_916,iter_913,iter_914,ll_327,ll_326,ll_329,ll_328,pns_909,pns_908,pns_907,pns_906,ll_321,pns_905,ll_320,pns_904,ll_323,pns_903,ll_322,pns_902,ll_325,pns_901,ll_324,iter_908,iter_909,iter_906,iter_907,iter_900,iter_901,iter_904,iter_905,iter_902,iter_903,ll_316,ll_315,ll_318,ll_317,ll_319,ll_310,ll_312,ll_311,ll_314,ll_313,ll_max,ll_305,ll_304,ll_307,ll_306,ll_309,ll_308,ll_301,ll_300,ll_303,ll_302,ll_361,ll_360,iter_955,ratio_373,iter_956,ratio_372,iter_953,ratio_371,iter_954,ratio_370,iter_959,ratio_377,ratio_376,iter_957,ratio_375,iter_958,ratio_374,ratio_369,ratio_368,ratio_367,iter_951,iter_952,iter_950,ll_363,ll_362,ll_365,ll_364,ll_367,ll_366,ll_369,ll_368,ratio_380,ll_350,iter_944,ratio_384,iter_945,ratio_383,iter_942,ratio_382,iter_943,ratio_381,iter_948,ratio_388,iter_949,ratio_387,iter_946,ratio_386,iter_947,ratio_385,ll_359,ratio_379,ratio_378,iter_940,iter_941,ll_352,ll_351,ll_354,ll_353,ll_356,ll_355,ll_358,ll_357,iter_939,ratio_391,ratio_390,iter_933,ratio_395,iter_934,ratio_394,iter_931,ratio_393,iter_932,ratio_392,iter_937,ratio_399,iter_938,ratio_398,iter_935,ratio_397,iter_936,ratio_396,ll_349,ll_348,ratio_389,iter_930,ll_341,ll_340,ll_343,ll_342,ll_345,ll_344,ll_347,ll_346,iter_928,iter_929,iter_922,iter_923,iter_920,iter_921,iter_926,iter_927,iter_924,iter_925,ll_338,ll_337,ll_339,ll_330,ll_332,ll_331,ll_334,ll_333,ll_336,ll_335,pns_988,pns_987,pns_986,pns_985,pns_984,pns_983,pns_982,pns_981,iter_999,pns_980,iter_997,iter_998,iter_991,iter_992,iter_990,iter_995,iter_996,iter_993,iter_994,pns_989,pns_977,pns_976,pns_975,ll_390,pns_974,pns_973,ll_392,pns_972,ll_391,pns_971,ll_394,pns_970,ll_393,iter_988,iter_989,iter_986,iter_987,iter_980,iter_981,iter_984,iter_985,iter_982,iter_983,ll_396,ll_395,ll_398,ll_397,ll_399,pns_979,pns_978,pns_966,pns_965,pns_964,pns_963,pns_962,ll_381,pns_961,ll_380,pns_960,ll_383,ll_382,iter_977,iter_978,iter_975,iter_976,iter_979,iter_970,iter_973,iter_974,iter_971,iter_972,ll_385,ll_384,ll_387,ll_386,ll_389,pns_969,ll_388,pns_968,pns_967,pns_955,pns_954,pns_953,pns_952,pns_951,ll_370,pns_950,ll_372,ll_371,iter_966,iter_967,iter_964,iter_965,iter_968,iter_969,iter_962,iter_963,iter_960,iter_961,ll_374,ll_373,ll_376,ll_375,pns_959,ll_378,pns_958,ll_377,pns_957,pns_956,ll_379,pns_944,pns_943,pns_942,pns_941,pns_940,pns_949,pns_948,pns_947,pns_946,pns_945,pns_933,pns_932,pns_931,pns_930,pns_939,pns_938,pns_937,pns_936,pns_935,pns_934,pns_922,pns_921,pns_920,pns_929,pns_928,pns_927,pns_926,pns_925,pns_924,pns_923,pns_911,pns_910,pns_919,pns_918,pns_917,pns_916,pns_915,pns_914,pns_913,pns_912,ratio_0,ratio_1,ratio_2,ratio_3,pns_899,pns_898,pns_897,pns_896,pns_895,pns_894,pns_893,pns_892,pns_891,pns_890,pns_889,pns_888,pns_887,pns_886,pns_885,pns_884,pns_883,pns_882,modelPath,pns_881,pns_880,pns_878,pns_877,pns_876,pns_875,pns_874,pns_873,pns_872,pns_871,pns_870,pns_879,ratio_450,ratio_454,ratio_453,ratio_452,ratio_451,ratio_447,ratio_446,ratio_445,ratio_444,ratio_449,ratio_448,ratio_461,ratio_460,ratio_465,ratio_464,ratio_463,ratio_462,ratio_458,ratio_457,ratio_456,ratio_455,ratio_459,ratio_472,ratio_471,ratio_470,ratio_476,ratio_475,ratio_474,ratio_473,ratio_469,ratio_468,ratio_467,ratio_466,ratio_483,ratio_482,infoPath,ratio_481,ratio_480,ratio_487,ratio_486,ratio_485,ratio_484,ratio_479,ratio_478,ratio_477,ratio_410,ratio_403,ratio_402,ratio_401,ratio_400,ratio_407,ratio_406,ratio_405,ratio_404,ratio_409,ratio_408,ratio_4,ratio_5,ratio_6,ratio_7,ratio_8,ratio_9,ratio_421,ratio_420,ratio_414,ratio_413,ratio_412,ratio_411,ratio_418,ratio_417,ratio_416,ratio_415,ratio_419,ratio_432,ratio_431,ratio_430,ratio_425,ratio_424,ratio_423,ratio_422,ratio_429,ratio_428,ratio_427,ratio_426,ratio_443,ratio_442,ratio_441,ratio_440,ratio_436,ratio_435,ratio_434,ratio_433,ratio_439,ratio_438,ratio_437
-6335.485073424585,-6319.5405703524075,-6328.065708185014,-6338.695977917661,-6338.606240249928,-6338.899547102816,2000,-6343.139335978811,-6337.808779403381,-6325.966000238105,-6338.912389956702,/mnt/beegfs/rcabanas/dev/credici/papers/journalEM/output/synthetic/s12/random_mc2_n6_mid3_d1000_05_mr098_r10_54_uai_ccve.csv,-6334.745565514304,-6326.200870949392,-6327.904972301682,KL,-6337.140909959347,-6319.293495010994,-6336.786047726951,-6362.012206786894,-6337.509630113675,-6335.880330409162,-6337.911058159068,-6334.440818015562,-6340.607653930537,-6338.39977625521,-6348.258222772529,-6353.273423091265,-6343.684453177297,-6334.233771020618,-6337.03074371171,-6340.464004910991,-6337.53591403543,-6346.288266400474,-6323.717184666162,-6359.573978192857,-6341.451192522862,-6335.6776862690685,-6335.238781374085,-6328.708897438671,-6325.678438813141,-6355.039912797014,-6337.558055162757,-6329.437745988922,-6318.932143229517,-6347.284790134024,-6339.716674808691,-6332.8202178288875,-6320.647560108578,-6337.305283761374,-6337.92961697123,-6336.457213080416,-6335.928801772299,-6320.51132687482,-6323.030656152313,-6336.095622711545,-6323.0740100057765,-6325.154131543972,-6337.595710159151,-6351.85487252096,-6340.040077946023,-6335.687486519608,-6335.261799147702,-6344.928786119911,-6368.685972523239,-6338.19424931456,-6321.026989201398,-6336.363033168884,-6345.188994956302,-6341.453699403149,-6346.523513145217,-6323.799000064527,-6338.243176919374,-6338.03684476198,-6339.43683540496,-6334.59356738978,-6338.354306955533,-6337.3974704251295,-6349.343134299,-6337.493497456024,-6349.016651504509,-6345.9877936758185,-6324.709829080376,-6337.2296323253795,-6356.239566809515,-6355.945401196384,-6337.172315760041,-6361.030141928677,-6337.41685453548,-6331.066316157552,-6341.032157108884,-6343.245416941872,-6330.038264218928,56,92,84,51,91,40,94,97,88,66,91,90,78,97,91,52,92,84,33,92,78,91,78,91,29,85,47,38,96,95,-6337.137575545338,-6348.050269063862,-6339.679831574365,-6339.798092710831,-6345.052345075432,-6338.586428441401,94,49,98,50,94,87,98,2913,89,93,102,-6335.371419761932,-6342.705289024667,-6325.8783048413,-6340.797275725574,0.9910034978951946,4.533161926145345E-4,0.9965040031072709,4.67257572871227E-4,0.9982976523419325,1.5596470364156832E-4,0.9942473579584215,8.825147298440478E-5,0.9948456978312967,4.1070919679999165E-4,0.9944608863110391,4.4307841682009446E-4,0.9941138303475561,1.0932149979701391E-4,0.9991871241538254,2.1785160185865685E-4,2.2524412184665883E-4,91,5.1942694813994404E-5,91,0.9950601682343103,84,0.9957073533786202,92,0.9962771491893201,84,37,0.9953559428192091,20,0.9974276808034621,34,0.9943037638154167,78,0.9978174058909067,0.9935515523449925,0.9989500690391764,0.9962082446018485,89,0.9982771229487604,0.9941549443421244,3.826551151845232E-4,0.9982511034214242,4.4417000634894017E-4,0.995652394980128,5.511510531460915E-4,0.9980430975747063,5.682595797187431E-4,0.9939299777979638,9.04761832433988E-5,0.9949776413488249,2.0867432843316323E-5,0.9971157673833363,4.1441127076162455E-4,0.9943732083292652,5.83116473124044E-4,0.9961426934067269,1.8307376879511282E-4,0.9990995855207506,3.667894584099917E-4,88,97,0.9953231370015151,40,0.9957688665145831,102,0.9958290256119555,108,0.9956873453617678,40,0.9936405403018531,87,0.9955635630363031,79,0.9986211388264709,90,0.9944375160795637,85,0.9901295987017453,0.9951506214825485,0.9956325700574046,0.9991715171039934,4.466828327643055E-4,0.9953567423475412,5.498915260514206E-5,0.9927193755812347,6.055389375755216E-4,0.9953638030910077,2.469709401709648E-4,0.9956854994562563,3.627105158086037E-4,0.9963508585733649,2.186902119244693E-4,0.9956315429060215,5.165471504453695E-4,0.9942686456094576,2.2434974548931068E-4,0.9957365986946121,93,4.2941277760849723E-4,0.9995447974121823,0.9958024803602181,82,76,0.999327606185479,0.9927071557593097,80,0.9893169222537432,74,0.994542329559974,0.998900148091437,44,0.9977018955801604,51,0.9963909845550377,47,0.9961822222825469,89,0.9960840908817014,98,0.9971235067891437,0.9930994606109064,4.2179562560896056E-4,5.127850439125472E-4,2.930568393887892E-4,0.9956861714407628,6.045657319828255E-4,0.9976472107201054,1.4128029779633192E-4,0.9986568974545039,2.2756469728886326E-4,0.9944483052588429,4.2486498636414987E-4,0.9963713773068336,4.893512363532377E-4,0.9978615300797468,5.748429302613606E-4,0.9988957014253992,76,0.9956801856072561,82,0.9938642984277677,80,0.9989456393674873,79,0.9944089144248226,0.9953239417030719,0.9964523739304475,33,0.9960953780974678,59,0.9959858303053358,0.996030884759283,0.9960991305036518,41,0.995860964716092,27,0.9961714793845157,66,0.9942905341918241,85,0.9929427827371294,4.8293599589508903E-4,2.542152429042646E-4,7.115862637910551E-4,1.3880656148247661E-5,1.9084845632339704E-4,1.9631822850251965E-4,7.911106887960969E-6,2.1289791315436623E-4,3.912037196879449E-4,100,77,99,91,70,94,47,91,2.999305679034895E-4,94,6.126259748656784E-4,94,1.8131390007851644E-4,0.9992320567817596,0.9986846318330513,0.9962670336693472,0.9991227404669487,0.9904483986132258,86,97,92,90,7.233444514852861E-4,87,89,0.9957060725800833,50,0.9959852199847623,5.992991828018017E-8,47,0.9990225663932092,94,0.9922996002448937,91,0.9969246153921321,0.9955208142902977,0.997583142007395,0.9911301303609948,0.9941818955406367,0.9973168972731146,0.9959581300766654,54,0.9979614584957868,91,96,56,87,0.9977989298827458,0.9972653577479977,89,0.9957070127467879,95,0.998955292076621,0.9959552499755232,0.9938335049551893,0.9959581136842819,0.9934261299236804,73,0.9933521669237563,90,0.9927559977790094,0.9962604563896238,35,0.9956227833694297,0.9950153713050097,0.9958986486384771,0.994571197104825,0.9958360406920971,0.9954702211776728,0.9957873182732235,0.995697934363388,0.9937033129921271,54,9.05868912329897E-5,0.9891898319466931,89,3.5989853856169274E-4,0.9943429823842385,90,4.0993906924160996E-4,29,1.288326044565993E-4,88,3.386920497191044E-4,0.9938249217416188,93,5.410211530528272E-5,0.9934603580266209,60,4.7523025286354373E-4,0.9960842876686963,63,4.090806493085447E-4,0.9971501398701016,2.3622030850482866E-5,0.9956053208532478,3.860148422220936E-4,0.9936154652577818,0.9986945918765749,0.9938794586922216,73,68,0.9960167707309353,0.9959695105264466,0.9990086825741735,7.023109616686471E-4,6.088662139112606E-4,5.197236992848232E-4,1.1253207832335224E-4,2.762439224812544E-4,1.406003255239606E-4,1.5798204984645835E-4,4.3596690019067296E-4,5.66974751808585E-4,5.281858803791619E-4,0.9954928989966761,0.9959911288146318,0.996220195633001,4.223076453573172E-4,0.9931225411307941,6.187667137086158E-4,0.9958131141105764,1.7573697943627212E-4,0.9958781605941356,1.0761756175649812E-5,0.9941406210236766,2.6377187494416415E-4,0.9975907577532807,4.548236192393678E-4,0.9960622256844194,7.233444514852861E-4,0.9960362350008404,2.1242958132829836E-4,0.9959633178109123,5.355198282215366E-4,0.9957497593949639,1.4286060820187208E-4,0.9980247872096843,0.9956248106639629,0.9957481233733317,0.9961304869636998,0.9966907055849419,0.9944767781341207,0.9944764265740073,0.99597484450134,0.9988049852876566,0.9954817989263145,2.6829402615379433E-4,0.9969953436345756,4.454246880310986E-4,0.9960089181824924,4.580947871970351E-4,0.9986883591167293,1.969523367945241E-4,0.993794512455635,1.1948186410614573E-4,0.996183738814426,0.9932575426660091,4.757946066586693E-4,0.9958989039660887,5.55231825134994E-4,0.9924366099034404,4.619076046853375E-4,0.9960758877050255,2.1408552127925414E-4,0.9960149532622719,0.9923958906230621,4.060358320388982E-5,0.9955002377074276,0.992447679750301,0.9954025045017938,0.997050776358877,0.9963451378170702,0.9951369132654743,0.9944044127175808,0.9961288986694529,0.9982864196044674,6.043013443262529E-4,4.587029988161723E-4,3.650547972286457E-4,4.8145448332267065E-4,2.0386488521005836E-4,6.06365834956479E-4,0.9943296863432006,5.413276519265154E-4,0.9988393457038917,5.604636475698853E-4,6.240458573398421E-4,1.5750503447711588E-4,0.994537672263578,0.9952720011936205,0.9961462142764843,0.9965640583247859,0.9977345112326973,0.9955125800595486,0.9950716416666101,0.9960198646321922,0.9958963030411322,4.2499221266682015E-4,4.2920016007792343E-4,3.7461284922655015E-5,2.994498754569828E-4,2.1104520729337667E-4,7.881877089572688E-5,6.653285137006384E-5,4.1298657977715264E-5,3.112075551517573E-4,2.410721986078227E-4,0.9961875631393154,0.9960765893201095,0.9957133822704469,0.9961731459517166,-6337.844098655445,-6331.391711915505,-6347.8552841486735,-6326.41833490512,-6337.437920497051,-6328.139573756087,-6338.896452112455,-6341.577073760527,-6338.0809871772435,-6337.129767124348,-6346.108779986583,-6341.240804086608,-6339.505041155897,-6355.158871773612,-6319.182728087102,-6345.530402817285,-6337.541068172384,-6358.47394217999,-6350.18189925462,-6382.624812393384,-6354.665771145214,-6319.87352274732,-6365.167879821241,-6344.088132898464,-6343.363440350325,-6339.258279453879,-6338.592406533096,-6355.725840082834,-6325.939932127488,-6319.285059756881,-6340.490620532509,-6341.59692316426,-6338.18966046926,-6341.145984710713,-6351.614118560589,-6342.821654827472,-6337.539847772865,-6340.585090244058,-6340.39601204937,-6352.630080646406,-6337.899053882467,-6338.965416570115,-6318.501475639421,-6340.375100117688,-6345.03096668657,-6356.567915627793,-6338.36098860807,-6338.004885478191,-6338.905179289155,-6353.135307144485,-6335.981568776367,-6340.650673618978,-6345.28256645756,-6338.158427879402,-6346.222501438894,-6337.526149654973,-6326.279765803748,-6342.182442340532,-6339.874039589385,-6340.48310798329,-6340.578028253532,-6339.038001575298,-6325.142730874746,-6335.0188965563975,-6335.569789262999,-6337.303685086581,-6317.845311937975,-6341.883764845517,-6339.653479347613,-6341.747043940548,87,75,78,21,31,94,77,82,85,90,-6334.326146367113,-6326.423807459823,-6344.224820683771,-6340.473377265826,-6319.797293806401,-6346.489865380108,-6319.056105902837,62,40,94,36,58,69,77,42,62,85,-6335.696160687049,-6345.392825188462,-6350.812269230058,-6320.04351929816,-6338.53189698926,-6321.487934148184,-6319.382675503074,-6317.899587224565,500,-6335.458573624392,-6351.056595268449,-6342.905418754158,-6326.474963570281,-6345.925424414048,-6338.021878121026,-6338.4764051550965,-6338.6290936351415,-6339.318315541246,-6338.24891876685,-6345.865148901953,-6339.102760585448,-6322.484905586935,-6335.906212571692,-6335.847730560766,6.05057916385273E-4,1.641668492252197E-4,2.509027530848035E-4,1.1741928161302729E-4,4.154178743073111E-4,1.940631684426236E-4,5.981964608425617E-4,5.790324881265161E-4,1.5531166576031652E-4,3.2792185293714665E-4,91,97,78,0.9960689308385993,29,0.9988766485389116,91,55,57,0.9910674639312664,91,0.9982005704100945,85,0.9958969789616603,85,0.9955366737979302,0.9973995989969949,0.9969885988716725,0.9958010575315207,0.9946642968133503,4.7669281822873886E-4,8.180846982670466E-6,6.996673405727415E-4,3.9232525434093764E-4,2.8111649629481783E-4,4.05631423155238E-4,2.867907402143815E-4,5.72485639624196E-4,62,2.3959374403770633E-5,94,57,33,0.9969687649380258,40,0.9955251695565165,0.9954879696117612,79,86,0.9960044862159129,98,0.9961420111523274,56,0.9951298148676744,92,0.9967123854703942,0.9954186366303092,0.9961653075531917,0.9953730171406809,3.609990893389205E-4,4.3744536984275756E-4,3.030048579421321E-4,7.102734637150626E-4,8.974880858892444E-5,2.378198924940921E-4,4.889140814773383E-5,9.471899358838832E-5,2.3261588483666884E-4,49,82,92,28,0.9946034209625727,39,0.9957392038996108,94,0.9974315498512035,0.9957646870925827,0.9926593308145151,61,0.997217271794548,93,0.9931120517037669,95,0.995953958793639,91,0.9954520625640709,0.995268772719493,0.9975082411947255,2.6827981048703855E-4,6.563081801938901E-4,95,83,92,60,0.9986986561395261,0.994030498097572,92,0.998885041271596,101,0.993126740143406,0.995909434714249,0.9960671097853646,92,0.9962418017336515,34,0.9959883010397657,92,0.9956933705088338,83,0.9898862907075794,0.9985831797851324,60,76,69,-6335.15158824525,81,-6323.437471593444,61,72,-6338.01256355003,88,84,80,93,90,-6346.697722436155,88,-6338.031112201986,91,-6337.135552078308,60,-6354.793568252258,-6338.993435851038,-6337.143368111231,93,-6340.4869942385085,91,-6346.832849932259,28,64,103,92,-6339.1944265437805,-6324.981780159769,-6323.106556524464,-6343.597529203264,45,-6324.926088428792,86,91,-6338.343333758337,86,-6337.60732328787,36,-6373.955343740439,-6354.044672517057,31,-6342.826776233721,17,-6357.672265686733,85,79,62,86,94,65,87,95,93,31,83,94,91,99,69,48,-6342.7084518969705,60,-6361.408453812065,92,-6341.647098745618,90,-6341.064560945803,91,-6362.627740809714,27,-6340.543534841728,91,98,90,76,54,49,87,63,85,92,76,89,76,93,34,102,36,64,85,85,89,47,35,90,66,84,41,69,0.9961466460870336,0.9960824119562419,0.9956528646540733,95,0.9964340653568009,81,0.9979653691714602,84,0.9939871479000725,35,0.998929408933684,0.995306117724664,-6323.264332421171,0.9957413951776454,-6341.448670039639,0.9953243848527185,-6338.874423313259,0.9990002932586594,-6337.626545695179,-6345.197950455118,-6337.640564508861,-6337.013313025318,-6338.668066516184,-6356.507780218732,-6343.493615146775,69,34,75,76,39,4.254684267109437E-4,36,5.095551402332627E-4,2.810411819628884E-4,2.019671197813469E-4,5.495739560016634E-4,82,4.449920300482838E-4,82,2.5188713161261855E-4,93,2.3728552082630716E-4,19,2.9000240416386804E-4,-6335.226124127518,0.995430139803965,-6349.407896326791,0.9959771332558944,-6348.895235480378,0.9959294203794958,-6325.171890050627,-6344.484800214622,-6344.525621858633,-6351.636440663698,-6341.379928293196,-6337.200411070886,-6338.596475789027,31,94,71,83,75,65,36,2.75974787613843E-4,95,2.3998601103168693E-4,3.4122204039172124E-4,3.9101662755085557E-4,-6346.580978965758,1.4058510842015635E-4,1.2864424104119759E-5,89,1.8039883847160355E-5,82,6.00010595782678E-4,2.786963030865707E-4,5.409902043761368E-4,45,1.3992325666495136E-4,-6342.494141982744,49,-6338.104584693742,79,-6336.8832077025545,33,-6347.266772918148,-6357.5302140037165,-6328.432984547359,-6340.092684672839,-6338.037534226039,89,64,33,89,84,81,-6337.876347362576,93,-6319.440092692922,39,57,90,96,85,4.023447832409321E-4,34,2.835542737580342E-4,82,5.012156745325476E-4,1.4126108448723101E-4,-6339.512926179601,3.05440775987399E-4,-6337.288785021212,5.479213054009819E-4,4.628552170005999E-4,96,3.881800244639936E-5,41,1.6769557347369175E-4,40,6.474968079608525E-4,61,-6346.993927050146,90,-6337.47713524872,103,-6355.4379026279,87,-6339.7976929461765,-6319.03537150801,-6332.97534020798,27,-6341.1075316711185,-6317.211770377999,92,93,45,89,-6322.150103897835,93,83,78,42,103,43,3.528497142821377E-4,92,5.2615153960415465E-5,89,1.509263994829741E-4,33,1.5209285296152036E-4,3.585520544972891E-4,4.1374266905384356E-4,2.863237611080833E-4,1.0E-5,4.910171944819906E-4,3.4682017170769067E-4,0.9947525065427757,2.8088614556350796E-4,0.9989207731354178,0.9960665522363229,0.9955394401709933,0.9931619317259337,0.9961767169299246,0.9971703205186327,0.9985902930413966,0.996667072810554,0.9918871169008912,0.9958575422287144,58,48,52,73,5.252203673737283E-4,38,6.843559979508102E-4,82,3.401957488923042E-4,96,2.1479763211899465E-4,71,8.936732481788923E-5,3.517945576676056E-4,9.308207860738722E-5,3.2788980218840993E-4,3.9882884201551054E-4,68,6.004943601816756E-4,0.9962065397150643,0.995650948702655,0.9961704037388377,0.9977348014116155,0.9960498701700031,-6332.999171213093,0.9967752281000843,-6337.182592726493,0.9983886078399168,0.9954619594829236,-6337.411265603868,0.9948533840973539,0.998841152687015,0.9973315769394017,-6337.972414974871,90,-6352.303617788706,81,-6355.335776697613,-6319.03347238331,-6346.980379758969,-6324.8383136498705,-6339.871347819135,1.6336333078007065E-4,3.6077242635881694E-4,2.8994684913268037E-4,8.476196850033486E-5,3.270619005972801E-4,6.441955034773158E-4,4.1095246788614955E-4,0.9954294647899031,3.991588427133301E-4,3.3119942205516286E-4,3.045371801186213E-4,0.9983883377830026,0.9959524724263846,0.9980398122037168,0.9950125426767429,0.9921213823583591,-6353.079078434057,0.9985218253490646,-6318.288887960264,0.9960668580645545,-6319.477765779997,0.9917488020995108,-6337.517518639051,0.9953321107346387,0.9961529542115669,-6337.600173944546,-6342.3635183818615,-6340.39850991109,-6353.720993285698,-6337.8301319201555,-6345.61590196684,1.9872585043559536E-4,1.1641471222330988E-4,2.2505349754669467E-4,4.305271499963873E-4,1.842407229101556E-4,3.7832106960790737E-4,1.1656208609283073E-4,1.6537125729412837E-4,0.9960416813658101,2.1438718611417853E-4,0.9964985961371953,6.511723475581266E-4,0.9988908440370581,0.9955042288850852,0.9950479305751453,0.9958558928634871,0.9954896411138277,-6320.906331188842,0.9939285690731483,-6319.483929822786,0.996956186711663,-6319.640784174935,0.9927384377624424,-6335.911747456863,-6322.823965621536,0.9957091967416067,-6342.174095466604,-6338.026196019231,-6344.304569175719,-6323.470159640977,-6367.735553850456,0,-6337.94246800395,-6339.546883158141,-6337.770081631607,-6320.639296692334,-6335.977318970196,-6317.867738669005,-6373.199591018459,-6318.5012444275535,-6361.309958614168,-6331.798043208913,-6317.176561865812,-6339.598698678194,-6352.323924491848,-6354.569445914539,-6327.618283790032,-6368.815895716529,-6349.266021922533,-6329.307511209321,-6358.385487560502,-6336.019148890154,-6340.077220415003,-6340.726621036776,-6320.595252661031,-6336.641978612753,-6337.646268599716,-6365.941045265065,-6333.848649232006,-6341.653960930687,-6345.588665647737,-6348.295106558143,-6323.614906540671,-6358.501171556734,2.1958436342839083E-4,2.0595298545750149E-4,4.439647490891137E-4,2.1789485935170728E-4,4.421558325878285E-4,9.32972527734846E-5,49,92,26,83,41,86,89,81,90,87,1.9522281688187833E-4,4.990479653239225E-4,3.2212854138411915E-4,2.9118096639593156E-5,5.497159775679314E-4,6.940920346033746E-4,6.694703740398681E-4,4.806760944935335E-4,2.2174737077664406E-4,30,104,92,48,79,36,98,95,87,95,5.040350175205344E-4,3.6670583758884154E-4,2.3638116815222288E-4,3.9970848411524564E-4,3.484349115019566E-4,4.058078519370795E-4,2.2273965952854962E-4,3.245871309752243E-4,2.8015230671887397E-4,73,85,30,70,77,34,97,46,87,0.9954677591273703,44,0.9952097557122965,0.9922842362345164,0.9979989742843576,0.9920940822106604,1.7314173203894324E-4,0.995549560424912,4.005222063448344E-4,0.9953763163855778,4.7103082615397194E-4,1.361907028125549E-4,0.9982949476714673,4.6173442996855327E-4,0.9950702735959214,1.1027529504989039E-4,0.9957614334299999,103,83,34,83,89,49,92,66,101,0.9934342067611196,89,0.9958951411399467,0.9960107982348055,0.9980077617847354,0.9982427053834781,0.9951911902463885,0.9928673679886306,0.9903309622596803,0.9959471152311914,0.9963968882258629,94,89,64,97,93,78,91,39,66,109,40,67,99,84,95,32,89,93,50,94,79,94,69,91,84,91,87,39,90,91,51,100,91,94,77,92,55,51,37,95,1.6495459171206789E-4,1.666446030040829E-4,6.801376744907559E-4,5.213514265007333E-4,2.4705541141076286E-4,4.367442037971797E-4,4.912283539304298E-4,5.526824696213095E-4,2.145327767276075E-4,1.8729398517161883E-5,0.9949593781540074,0.9952936065691987,89,0.9954074624603471,88,0.9930492571110311,90,0.9950865740440485,34,0.9961041609289546,72,0.9960055741116138,0.9958117021140352,99,0.9960077772733922,73,0.9982700385624583,0.9948192914161079,68,89,91,9.465150833743718E-5,2.4178537328272074E-4,7.405623711033508E-5,1.3076661601283294E-4,1.4289736582163412E-4,5.796899242049646E-4,6.307239398550172E-5,5.918180618161609E-4,4.3504514318140093E-4,3.3955227141103825E-4,0.993484815533647,0.9960119218183315,0.9952638808343132,46,0.998867217491874,92,0.9982375451464282,91,0.991298284230687,88,0.995944973047181,95,0.9983395652461748,91,0.9988424254703602,76,0.9962773442196965,41,0.9986424411670523,26,82,6.106704375814748E-4,1.0178457651837762E-6,3.8085874654891094E-4,4.395130498952038E-4,5.215009820146756E-4,1.9494706487123662E-5,5.931204456384038E-4,3.9815472337718444E-4,5.679561069183576E-4,67,5.133020730320102E-4,0.9945399152480783,0.993706489609525,0.9932323878325023,0.9959534241664459,91,0.9990561433484106,43,0.9959757831272564,90,0.994753768032222,82,0.9955723317863213,86,97,0.9988681917907797,84,0.9960249120261588,74,0.9935851971989931,65,9.464276146972582E-5,2.974318067058038E-4,2.9798001515653823E-4,2.296280285187897E-4,4.725068826279189E-4,1.8820834086323066E-4,2.9288765175173974E-4,5.682304208786894E-4,8.78648664312122E-5,3.1657587163677847E-4,75,28,92,0.9960775528563242,82,0.9980216119270329,80,0.9956551139067026,98,0.9989384225537139,95,36,85,0.9960416113795042,91,0.9967355368779508,5.614704423054084E-4,2.1635986671864846E-4,4.0152055514382673E-4,1.9622997356081857E-4,2.2563903773220053E-4,1.1252957186036366E-4,2.312619044997203E-4,4.221526844603565E-4,4.5187853418629753E-4,0.9959442005284895,-6338.321004135229,-6343.997505293113,-6338.349969742312,0.9960837182145165,-6338.821423377221,0.9960849467542997,-6358.871289035393,0.9933171331484749,-6341.82328599357,0.994584208202016,-6339.463352428279,0.9960608618446557,0.9955584381298475,0.9945630329675491,0.9957930060735651,4.4466758958813373E-4,0.9957114059818969,4.865516249487724E-4,3.6072633373086723E-4,4.862536408185625E-4,5.940421993401723E-4,1.4211311138613423E-4,6.106607471128653E-4,6.837273706130399E-4,2.112794319818284E-4,0.9960312588518663,0.998445975693447,0.996739287596752,0.9932164275189641,0.9956666812870004,0.9945377924601924,0.994602503282856,0.9954610133071132,0.9992264876358568,0.9989381223324745,6.534347239644535E-4,8.921561689189809E-6,3.9792877603456796E-4,2.7628064155655257E-4,2.1467659671607295E-4,4.895981718434513E-4,5.188991717011188E-4,5.029618076273162E-4,3.1897715516214785E-4,0.9959326553573608,0.9959685205271465,0.9988741465031927,0.997454716575179,0.9961246123794735,0.9944950409047669,0.9952433833850397,0.9956203549242638,0.9959431913868466,0.9928895524652885,4.478106063612099E-4,1.5457258796961718E-4,4.5013624806672207E-4,4.932120018214273E-4,1.6298590454862097E-4,1.722504662153162E-4,6.111850487659921E-4,5.834229016596792E-4,3.6412982843188574E-4,0.9958441209930777,0.9941596810339524,0.9960747521790964,0.9958553684679768,0.9954182528637239,0.994924712293541,0.9942399574796402,0.9979689783444252,0.9963851653102641,0.9938108687321391,0.994931113831838,2.4895200438580756E-4,2.0334523095391272E-4,3.029930357680068E-4,4.54839351491531E-4,-6320.804923030859,-6361.118308788961,-6340.5507991770755,-6343.018106803269,-6335.692318531606,-6337.999181556819,-6337.140513261782,-6340.975129605498,-6331.348856610438,-6349.856804766091,-6342.191929837883,-6352.823221692692,-6334.20889692559,0.9931714312089385,0.9951069946290336,0.9957514035081249,-6337.838310044848,-6339.75400610987,-6319.856024157077,-6319.1995934371125,-6318.667623784248,-6353.8819774464055,-6340.701091295717,-6382.504225741666,-6343.510505205332,-6381.496968481876,-6327.569977876474,-6337.280107805859,-6337.445473518717,-6356.038723861135,-6338.865435212345,-6338.451407751327,-6349.52962938667,-6341.509519650275,-6327.177754391712,0.9927421872554741,0.9989148281644203,0.9947671712618629,0.9932600358746095,0.9988056416392748,-6340.619396738402,0.9978478133989791,-6323.648246716801,0.9988986521854342,-6339.923127196047,0.9958560077882079,-6338.53731366375,-6337.450178441214,0.9916981685554498,-6320.709825685307,0.9949933224024662,-6344.869093725426,0.9933371095029466,-6318.917617589655,-6339.67359397262,-6327.2119253563,-6320.814831456439,-6347.565072599405,-6337.25212993156,-6338.319385460072,-6360.431755516215,-6337.193186666126,-6337.580884997548,-6337.619286065602,-6320.61570693536,-6351.740978493776,-6336.507095045636,0.9977723563014061,-6321.771946760417,-6349.690377745713,-6337.024566810587,0.9953873075335059,0.9960374220867504,0.9975009646034089,0.9944028410240074,0.9954400919294418,-6339.435617587024,0.9940385061580106,-6356.348560471991,0.9889858035693748,-6341.03774632615,0.9960212109184872,-6337.995455884991,-6344.947955674228,-6349.737540711351,0.9957126444394717,-6326.359093730947,0.9946765093081253,-6322.081634783319,-6340.904425665599,-6337.7324820947415,-6336.275209674736,-6338.933125255223,-6340.021440604887,-6348.712047635204,-6339.352532830485,-6315.200024360377,-6340.303184244691,-6340.684442549654,-6338.3494929717035,-6339.888660733535,-6340.123138209034,-6324.702153951027,-6350.875282936488,-6339.339812933697,-6344.188117041002,-6338.148867878163,-6349.4724478745975,-6337.8986690320935,-6317.559318806838,-6359.078367235903,-6323.384274088675,-6347.008514715242,-6351.294979558488,-6318.987820962451,-6335.313792361994,-6325.852975274269,-6319.3037270649675,-6339.711706843771,-6325.630184791147,-6324.0000995282935,-6322.465824041968,-6322.037123132379,5,-6358.620053397115,-6341.726823262384,-6339.677872595173,-6371.41280085842,-6335.444261075931,-6339.410571815119,-6338.043467988866,-6326.485583560258,-6333.332234624364,-6341.771809451082,-6341.008629061283,-6347.484768739697,-6349.700744792799,-6317.460640130223,-6339.517474580054,-6326.146662997049,-6331.412744003632,-6336.432249665111,-6338.486117851266,-6346.780750681039,-6338.719499024851,-6341.048877885086,-6338.388999860588,-6339.029643310569,-6337.569320579157,-6321.187655953452,-6337.87004747781,-6338.69345229443,-6318.589056404952,-6338.5939443996585,-6338.321010472772,-6341.866903525308,6.034479888428993E-4,-6330.584206417386,4.1464324006383006E-4,-6348.044452618145,3.6066452612523964E-4,-6336.768186673198,4.3157130916020455E-4,-6318.014160396823,2.4946542238084926E-5,5.6627155815120164E-5,1.749633931427609E-4,4.520154737531397E-4,2.9472734997546994E-4,1.7352537296381343E-4,-6331.409770655208,-6343.00741206532,-6365.383001860768,-6317.761926858988,-6319.798031689878,-6380.320025620109,-6334.470618566292,-6323.089425441853,-6348.847978764935,-6345.02952842555,-6338.5584250346665,-6323.219458661981,-6370.808494954256,-6349.438148339987,-6338.818965436172,-6369.629716114557,-6336.890300834265,-6319.660269808799,-6336.482769444022,-6334.08888895477,-6348.322307645506,-6342.311771451812,-6336.745789423528,-6336.574474647252,-6346.994694127356,-6337.18872288254,-6339.5003435358085,-6338.33593888338,-6326.658302285089,-6341.480255895142,-6355.174824068031,-6340.857681263417,-6360.360810712838,-6337.549634411861,-6360.692732215562,-6340.7790673917125,-6343.588807730879,-6323.160572962333,-6330.99685456205,-6336.855940429181,-6340.06431072879,-6339.268746398881,-6324.818190753498,-6347.845251124659,-6337.9094551804765,-6335.480637559602,-6343.172728115604,5.473444594820229E-4,5.194435091707757E-4,2.740775966109113E-4,3.9130538724117223E-4,1.1084505327767989E-4,94,88,78,93,97,36,86,59,84,42,1.9959843490051948E-4,6.162173661633391E-4,3.5626536540771096E-4,6.092093938228337E-4,3.31010054639352E-4,60,50,95,45,80,90,73,34,93,94,30,89,83,94,90,87,61,30,81,93,53,94,57,32,71,67,38,46,84,95,97,37,78,86,82,91,46,91,66,38,91,38,60,91,92,43,99,91,73,92,2.0938621444910273E-4,4.137269588407389E-4,1.0452382428883981E-4,1.1504494685661611E-4,5.188035542375828E-4,5.973513311686037E-4,3.288406875252912E-4,1.377879536772606E-4,5.286861160718787E-4,5.753205321091369E-4,0.9908201343622438,77,0.9923294965674756,78,0.9952908077835566,35,0.9936252133401564,90,0.9940893980835569,74,0.9959492180647755,86,0.9955484198290726,35,0.9951611713351964,102,0.9986584629382784,0.9960841669451466,0.9963118490624051,70,50,1.7000812502122257E-4,2.179871718848109E-4,4.312418046137931E-4,1.8214441813956312E-4,4.633167133754585E-4,6.036717503296526E-4,1.450167747862723E-4,5.426812365216396E-4,1.144510550715403E-4,39,4.2593860393285305E-4,0.9958401327456234,0.9958879660282037,79,0.9951628492439947,69,0.9958204143999165,39,0.9961234973778336,91,0.9958613466487339,96,0.9893430585957481,68,0.9916646535049727,96,0.9991394740803425,91,0.9969857516130197,0.9988175725417637,90,1.6774530547098796E-4,2.856671270261967E-4,5.729774773305589E-4,2.392060635638959E-4,2.669129152006372E-4,4.010603033977659E-4,5.981685461934334E-4,2.1056921338309952E-4,7.420202682162381E-5,3.909493852639337E-4,86,94,0.9977617502788034,0.9907261585870312,0.9957274824620388,94,0.997815204931749,76,0.9958557661741104,92,0.9953418173216176,80,0.998597996536552,97,0.995872707078921,28,0.9969852834100874,87,0.9961955056491475,90,0.9957106915908999,1.2884027947353158E-4,4.3540498161890305E-4,1.2374095474431717E-4,6.080972249036978E-4,2.878175690829169E-4,2.4672618041960103E-4,1.2349312537793944E-4,2.9995362498241E-4,79,1.9533190908579902E-4,25,60,0.9959650127903829,0.9957385966418962,0.9959256970055819,0.9956155726574445,90,0.998153894627158,44,0.9966831195839025,0.9954765398105401,87,0.9959422589712333,94,93,0.9983961170597859,30,0.9984638188646278,91,0.9978966750448935,2.3587181052633303E-4,3.6178368782943085E-5,9.81822067671908E-5,3.189018168603597E-4,3.7715719052506044E-4,1.1989127430291978E-4,1.3885262944214242E-4,7.061822083030613E-4,3.2198459534821277E-4,0.9926801537642455,0.9950075364468558,0.9958940984799123,0.9958986496342537,0.994115453422742,0.9953486630426904,0.9957191923112569,0.9958200282606471,5.183788219514344E-4,0.9961023919690566,2.004268690018849E-4,0.9985057009532653,2.8701728695715474E-4,2.899688471018957E-4,5.286087576932883E-4,2.1347277816004089E-4,3.089168955993721E-4,7.121949568675275E-4,2.173385173423716E-4,0.9930741319349514,0.9941080695848006,0.9954719687047936,0.995949803514855,0.9957235485529479,0.9976525986780278,0.9977816996227491,0.9984567890166206,0.9948584878969177,5.058545068982356E-5,3.2331626411816133E-6,2.378493481819649E-4,0.9953979110820315,4.5654841105753616E-5,2.3456200741129622E-4,1.6717363156664347E-4,1.9391917039978513E-4,1.3402222321483588E-4,1.335697023637876E-4,49,0.9982094327027158,91,0.9960666231272182,90,46,0.9986734881129118,0.9956469821990489,83,0.9958646635020125,89,0.9955376492419248,0.9965451774144184,0.9948708532393662,0.9989567376848523,0.9960354955436206,92,2.310465247148757E-4,96,5.091789274586172E-4,88,4.173713816160992E-5,89,1.6237845420961168E-4,67,0.9956735423619376,62,0.9950839245535984,103,0.9891605935320797,90,92,0.9934596442572882,0.9988084071596584,64,0.9989121621545944,91,0.9959744979549708,0.9955248225834252,0.9890044887879706,0.9989962607316655,88,25,39,-6340.188422814925,-6326.132708950598,-6343.661951786933,-6328.604519860434,-6348.4878149757515,-6336.351222920794,-6341.776903534533,-6353.294214143466,-6318.959800501448,-6339.538728470576,-6335.912987769615,EMCC,-6343.947551973782,-6337.960796051662,-6330.365986599576,-6381.308344571487,-6353.877412386447,-6337.139745212225,-6351.19809928727,-6351.546626446767,-6352.885547457781,-6320.576260561966,false,-6348.237419879999,-6318.926761822027,-6325.219551545789,-6329.634615225231,-6339.540897229725,-6354.096332710358,-6326.249848462436,-6351.49177150283,-6337.9425723195645,0.991577723400652,0.9943339468333341,0.9966018575028761,0.9953752393074939,0.9960046776737178,0.9955274365346669,-6319.877675769456,0.9926478279446769,-6339.279161864961,0.9945355066614247,-6347.385579276924,0.994149573966522,-6337.836104813598,0.9958941733910601,0.9955873000919715,-6341.980800909752,-6334.7988264287105,-6347.383335395876,-6347.816514313752,-6336.8458365402175,-6333.284030437605,3.0716391439669047E-4,4.90981335244958E-4,3.625661467234186E-4,4.2856611501016336E-4,1.6223304025403667E-4,2.845507537093321E-4,5.911727632356447E-4,6.287263490593734E-4,2.2894494257380538E-4,3.918051594197699E-4,0.9961625337634468,-6357.189395713468,0.9982146955909201,-6337.06918811648,0.9927379359782789,-6336.585075560254,0.9947580376803952,-6348.572285360699,-6338.560855998878,0.9986915910031023,-6358.698325427583,-6337.04531573583,-6316.572553280499,-6337.766197970459,-6337.479515499401,5.227102150387288E-4,2.0896020002769526E-4,4.4267072382776985E-4,5.38586065397244E-4,5.602226540212398E-4,4.590272527154211E-4,3.511195393819981E-5,2.1858567674541696E-4,3.8686768354674156E-4,1.0771484686793138E-4,-6330.535070116979,-6380.488584574815,-6336.516741388241,-6337.140997181508,-6356.186443887169,-6335.1891243632845,-6326.865125675746,-6341.98592829164,-6346.964972078695,-6319.275596292018,2.4424471590571336E-4,3.69424027825481E-4,1.5751639407908055E-4,1.4799880777928117E-4,1.5889164552976873E-4,5.819180608894048E-4,2.787255785763579E-4,1.0447262454969699E-4,1.569144613506249E-5,5.783007472535575E-5,-6375.251620841757,-6339.147106558243,-6321.041167208443,-6347.633940694631,-6340.014899876924,-6340.454355034004,-6343.085350801237,-6352.725229034144,-6338.764151896114,-6339.666119461639,0.9956666185038736,0.9960846287013893,0.994372297227818,-6334.504989204859,0.995210251986556,0.9948421203909954,0.9958569470068489,0.9956851917865903,0.9978575345238262,0.9955097213298598,0.996362314177296,-6342.094373334202,-6338.593138025444,-6337.410820309247,-6340.832259483408,-6343.739969709931,-6318.64211808827,-6319.334456460908,-6339.321996190135,-6341.977977260907,-6339.526992040821,-6340.925177186176,-6343.96558659003,-6341.308502756636,-6337.978471591449,-6324.722973754725,-6358.497957623365,-6322.515087649861,-6350.884284222787,-6331.597529663894,-6336.702915229285,-6362.45266074374,-6341.928750100984,-6326.656462254192,-6339.897870023361,-6336.591917683172,-6364.842907401193,-6336.362066818147,-6321.6698611069705,-6337.250635195416,-6329.214350495031,-6337.358718684767,-6344.980506543658,-6319.648837040512,-6319.14512014155,-6337.252580959131,-6341.101504517092,-6345.623949121721,-6332.746993520681,-6322.513377455153,60,0.9960791681912217,67,0.9960701592330432,88,0.9930911606805818,86,100,0.9954728461501333,107,0.9923432507195744,92,0.9960407329761142,71,0.9931371228863177,0.9978066548524549,0.9962822843529083,0.9959630659127934,0.9921900687698794,100,94,89,34,0.9960437795521846,26,0.9957233572725503,69,0.996484661851438,86,0.9959432997274971,84,0.9946954728241577,96,0.9941698212635052,92,0.9960286872878961,87,0.9958934170088491,0.995125509744178,0.9972017649004825,0.997039837168816,86,89,69,0.99115034972682,82,0.9948206954882314,88,0.9959185661830012,94,0.9986233787247607,92,0.9948614936034377,92,0.9959108782624413,90,0.9954066730095043,88,0.9946115091029468,63,0.9962063877848614,0.9980418864345788,0.9942209440371977,54,87,91,0.9962484319744734,0.9987048519518803,-6337.151678614323,-6339.885670052117,69,0.9937766928956026,89,0.9983000861571338,0.9979717802427464,85,0.9983069310006908,79,0.9963795544828018,84,0.995628616122518,73,0.9963126089153521,82,0.9960126233435903,0.9981856363401637,-6319.090490793386,-6336.743042565232,-6325.194765232562,-6350.510006394259,-6338.125172124554,-6334.9152226207725,-6341.304202633264,-6337.821540471941,2.762363872966135E-4,2.1622114082888426E-4,4.631395180085029E-4,1.8445524181648262E-4,5.375710230195353E-4,5.909934324241928E-4,1.3487610814300375E-4,2.7945736670324914E-4,79,93,93,37,54,93,94,87,84,84,8.102187725696699E-5,2.028552634654325E-5,4.7035918773898603E-4,5.632038905304653E-4,1.941683543137116E-4,2.8304387706229456E-4,2.5443190257370377E-4,4.5369659515048853E-4,6.995117656744836E-5,74,35,87,92,76,82,94,56,40,45,1.0050926079090018E-4,5.674418392215512E-5,7.718734613752391E-5,2.419459801646902E-5,6.037814794012654E-5,6.032311404583885E-4,5.252874157338707E-4,9.296471732394361E-5,5.885601036857709E-4,28,86,96,77,52,91,41,65,87,58,3.9751371814006364E-4,4.156891044914019E-4,4.60609844138046E-4,1.8995006079171388E-4,5.21684717608898E-5,2.3766228508187141E-4,1.969749864566015E-4,5.100065251106338E-4,5.67004173413233E-5,32,45,83,23,96,91,84,94,56,37,1.6949101211806167E-4,5.529717178385579E-5,3.323743833075377E-4,6.177818735089243E-4,5.801233418185253E-4,3.779960073435957E-4,2.0926491516194738E-4,6.421270954063961E-4,2.5348844288369045E-4,5.840684833230367E-4,5.636923174565592E-4,5.758185156819033E-4,2.4791844025728757E-4,6.107533596668012E-4,5.191299326357411E-4,4.5903529287272363E-4,2.1452244653459446E-4,1.0205630071471572E-4,5.094336290131814E-4,2.8390921976047345E-5,5.992991828018017E-8,8.369040149423981E-5,3.528890413992405E-5,5.567797545862602E-4,5.433518219661574E-4,2.2978235130409615E-4,1.9282248422382284E-4,1,25,87,69,45,56,93,102,91,92,87,2.466263126381494E-4,1.469967995676333E-4,5.429471136751734E-4,5.276385294453862E-4,2.499482829839549E-4,3.202452085755555E-4,5.9739141522592424E-5,5.507197902877447E-4,63,59,98,91,84,80,67,60,45,91,4.0219810699532253E-4,3.850154413263725E-4,2.226554236929981E-4,2.141743373428565E-4,5.437033710797711E-4,2.4483323130984056E-5,3.897791457239243E-4,3.8277914315315776E-4,2.2730513985260776E-4,5.461052049657219E-4,4.0527128778318326E-4,1.0671029924658263E-5,2.182156013937573E-4,4.5750111253264935E-4,4.011381926332016E-4,2.9010506374044763E-4,2.153880547181292E-4,9.104005930243652E-5,4.8643882714116893E-4,1.2684551190914617E-4,3.6950503696954175E-4,5.141234622932766E-4,4.0364077350223647E-4,3.5028725808146046E-4,1.9113951777508458E-4,3.513446555201823E-4,6.678283875480817E-4,2.3780901083006822E-4,6.706885803640523E-4,5.284998213267222E-4,4.3810307351457715E-4,5.463365374383089E-4,4.759974087569206E-4,2.8738595037104984E-4,3.1262386073755213E-4,1.4711418232632402E-4,1.0582335840848718E-4,4.6673623735339755E-4,2.7633429877621486E-4,5.642072130435575E-4,1.4303249961735044E-4,9.924832607448521E-5,2.5659764626582006E-4,3.0434656519566934E-4,3.2016335404002987E-4,3.3924190309896996E-4,2.2175004455061748E-4,6.081370115542236E-4,4.380843842928947E-4,3.485324742578889E-4,0.9959503866877387,0.9928812149408955,0.9952861310748367,0.9986539176748382,0.9963728130143488,-6340.62560938659,0.9961737527813544,-6337.237447665692,0.9961240125822172,-6323.704389763458,0.991587097200535,-6338.331637021373,-6346.1866975519015,0.995907616386267,-6369.218603875466,0.99608262117319,-6331.391689042968,0.9896712098434999,-6338.942182502043,-6319.424263446281,0.9895775224902309,0.9945370374018753,0.993396938407757,0.9980699983440576,0.9993396958731702,0.9985045460549041,0.9943502460497694,0.995687245319514,0.9921158854397074,0.9964668681167135,0.9961887463559884,0.995998315435029,0.995958424376947,0.9957383789056252,0.9940827009701212,0.9909458461820497,0.998928170711235,0.9958290661664742,0.9948391847585278,0.9923838274502153,0.9957967600379751,0.9958795303851239,0.9989045535475928,0.9966064905472917,0.9970394503059244,0.9958527748277723,0.9971560866865464,0.9984972036299106,0.9951035216985636,0.9958376966449201,0.9992329462594833,0.9993050116283537,0.9961007902687516,-6338.582639882217,-6340.607990259532,-6333.4342040278725,-6363.955354808206,1,-6321.236419934859,-6350.233057283013,-6330.2378731886365,-6320.550538604928,-6355.786631890969,-6336.551760033492,0.9970643024712753,-6376.818618686591,-6319.371167007381,-6337.750475961339,-6339.627756827268,-6321.2814483065295,-6336.137791028288,-6337.249033678965,-6346.575123236215,-6356.01185006378,-6338.252364059452,0.9981611958768526,0.9986485181776125,0.998226889503023,-6341.164548604687,0.9989901469273522,-6339.335946848088,0.9973522766497577,-6356.105857478395,0.9953299728286441,-6337.969012756952,0.9923552958675347,-6328.093411445268,0.9953679398525286,-6329.939831073442,0.9985361347363538,0.9940386845139408,-6342.332344778359,0.9964134982048883,-6359.004678661707,-6328.579971135233,-6339.173713216646,-6328.7827018523985,0.9955112766139167,0.9955225383369392,0.9969698909649215,0.9930488017210661,-6333.146272670851,0.9945731860616517,-6331.517647254567,0.9955357857600198,-6336.772526704966,0.99598196457147,-6343.217974838862,0.9959417639886007,-6341.6681186511905,0.9956985998556156,-6337.647486859132,0.995342373474194,-6341.377483482911,0.9990304602020386,-6336.62433444024,-6340.698881353946,-6340.935824094888,2.975245761836898E-4,4.3188124170139774E-5,4.966906822200037E-4,1.756183240183862E-4,0.995850243912386,6.590215881276051E-4,0.9959456515536763,5.883229823704767E-4,8.544773383085959E-5,5.805930944912793E-5,0.9957758325381253,0.9957419733114882,3.919179522624901E-4,0.9959099760624118,4.4299668276657843E-4,0.9958742330937561,0.9962874105258865,0.9983931038552171,0.9962782145420331,0.9947146970273933,-6330.631976666774,-6325.781879572916,0.9955727240018883,-6345.874233389486,-6340.651322833717,-6320.424006392359,-6337.765784735455,-6334.1638919216,-6346.77009139424,-6336.4019291485,-6337.8356641787705,4.394892419939282E-5,7.808275074386261E-5,4.921031717631397E-4,0.9988832221597008,2.735680369273279E-4,0.9987787757619245,2.7109529355205414E-4,0.9958655145310529,4.8408046353199665E-4,1.7796572034774392E-4,0.9951788513672234,4.656920956825761E-4,0.9991177038854596,7.263614547208135E-5,0.9963486076992126,5.295755331467673E-4,0.9985505619441287,0.9977634251798896,0.9947052489274327,0.9939016027143258,-6337.83361733675,-6337.162438164103,-6320.811271941141,-6337.555435094121,-6348.573923281493,-6353.989297971024,-6342.385146771941,-6337.387875109285,-6336.826233443411,-6339.833015830565,1.62217814864961E-4,2.3149355172261924E-4,0.9988176891611661,6.031974920129663E-4,0.997771493197073,1.1909250287159452E-4,0.994971885042114,6.939617503279454E-4,0.996526731195704,4.625749682382892E-4,0.9947887393053908,4.495170261592843E-4,0.9946167823256484,2.256698520401854E-4,0.9989348445680281,5.134999146963116E-4,0.9955605762181648,5.715315659903042E-4,0.9939398397194281,0.996311244869133,-6337.343168951664,-6337.69399847619,-6328.482750249476,-6331.884173271211,-6337.239194382851,-6337.984522960937,-6349.2105831324125,-6339.645744275742,-6342.6196057456455,-6338.255568900258,6.40037127784938E-4,3.7315567607738105E-4,3.577329440549181E-4,2.909516267653149E-4,1.636140001716992E-4,1.3962799950464466E-4,3.788463212869733E-5,1.5418750035248781E-4,2.226250051081798E-4,3.0920887204615996E-5,-6335.688181028068,-6339.352462074336,-6320.8460542941275,-6341.775329318022,-6320.546212485789,-6341.443567819224,-6337.827230714229,-6318.830730319362,-6353.82425915458,-6341.347426000146,97,85,0.9964177585007629,92,0.9955441445305245,63,86,43,0.9953391709821827,92,0.9963311176311733,93,0.9960585199382727,53,0.9979735790236828,0.9969885952699905,0.9959363633467843,0.9960858560469555,0.9958082414902205,99,0.9959735882909838,80,81,-6342.1729251251945,-6338.292656838501,-6336.681958834892,21,0.9959241948262022,40,0.9962663654316414,40,0.9955327384979387,87,40,0.9952922966746421,83,0.9946586851525441,93,0.9960235555494087,70,0.9948060252406916,0.9957860052894527,0.995689330580932,0.9953606293707411,0.9991262870965132,-6370.516004527955,-6343.492894567872,-6337.951722395597,-6319.112704681817,-6338.325372705654,-6336.71483129554,-6337.3231882669525,-6341.404127032117,-6330.460340060452,0.9948454723244717,0.9957974076441909,0.9990225298361435,0.995964952313322,0.9958068704972433,0.9930398625094021,0.9958923671769148,0.9955760076165734,0.9956546911735698,0.9955590483347969,0.9977942112341479,-6339.388820959397,-6331.563815032984,-6319.072649012291,-6337.521463915535,-6318.161570741173,-6344.848320301153,-6320.256475182619,-6343.519894702252,0.9953841919389992,-6336.791824204214,0.9951919937970254,0.9959192872274123,0.99545497677967,0.99555786874369,0.9936554228456502,0.9960214027190656,0.995543035717502,0.9938143613795619,-6349.7902855823195,0.9935764034284158,0.9959483217549535,-6353.505754487341,-6337.512803382194,-6350.471852643158,-6363.170288518642,-6337.1136119841385,-6347.145830014568,-6338.35017763839,-6339.5210735603305,3.802121564624645E-4,2.340927713259034E-4,5.742969221122863E-5,1.480276789698287E-4,6.869197053409894E-4,6.373680289725163E-4,5.159111808698007E-4,93,5.571185645390476E-4,71,4.267159246249804E-4,91,90,2.07680593590515E-4,3.738007627591742E-4,4.59115880991798E-4,89,9.611863352661328E-5,8.921459879552602E-5,4.32016798875322E-4,85,6.110020591089636E-4,3.722316278138536E-4,75,88,36,81,393280,1.141361542912583E-4,4.117735701059641E-4,1.493453488884843E-4,1.4044432723304298E-4,5.7807039424344144E-5,4.716087181197401E-4,2.696097071421093E-4,4.419161847265396E-4,1.2745239470981744E-4,90,44,93,81,75,36,31,89,63,86,5.295437616409279E-4,4.875024344513153E-4,4.997414617348943E-4,3.548169723747899E-5,5.216294949894327E-4,6.836626495172779E-4,7.884038692870969E-5,2.4955956043375686E-4,2.5565591595564833E-4,41,86,88,89,42,93,97,80,85,52,2.2408186808146893E-5,3.350353860131129E-4,2.687494512667376E-4,5.240247999581014E-4,6.997674944225492E-4,3.420606336504357E-4,6.676147981994886E-4,5.645644776261566E-5,5.70005308807504E-4,95,93,88,95,94,70,97,34,57,99,1.1061448040131978E-4,5.026519806210791E-4,4.341184897743414E-4,1.007975619773769E-4,1.3237269690354953E-4,5.738094164913737E-4,6.538764380551721E-4,1.4605908733610894E-4,6.391931993748297E-4,8.06941021216196E-5,5.311354924171297E-4,3.588413971296446E-5,2.736849567999887E-5,2.1926471561562515E-4,72,4.881310783545526E-4,1.452853097788216E-4,3.8073843695043703E-4,5.753015581043788E-4,1.8962377704852116E-4,97,41,83,34,90,95,86,73,5.841280999531904E-4,5.544817797816573E-4,1.1283563059391057E-4,4.668464772598642E-4,90,5.853756695421946E-4,3.768115454500106E-4,2.3388212141968787E-5,5.74652376580935E-4,6.16180688918988E-4,3.440430495667807E-4,3.5334261904286225E-4,39,5.063780770028747E-4,83,3.7005612654536003E-4,1.5747020585692433E-4,4.574672157803604E-4,1.360621653329428E-4,3.948715964068933E-4,91,91,91,86,95,57,96,49,4.870731159251762E-4,103,5.82032086300413E-4,4.4646184298170304E-4,90,1.993291694092628E-4,33,9.591118876998887E-5,4.7431451102553356E-4,8.501685043738169E-5,5.57728607672885E-4,3.6310741219507895E-4,92,91,1.0197251558693827E-4,27,95,23,56,93,92,2.0190916189219733E-4,68,6.118738357421883E-4,92,2.2838854175996187E-4,99,4.106331080060305E-4,1.317579848744251E-4,2.155916646085878E-4,2.668692628388557E-4,4.474493718432103E-4,38,51,2.514944821080004E-4,4.388243200806796E-4,96,88,48,83,5.166885287803521E-4,2.8298045368892373E-4,2.775083659701844E-4,2.94931127667303E-4,2.4117692748727452E-4,5.418380875903609E-4,3.373239723233198E-5,3.6873393063707944E-4,4.048228096797239E-4,4.379469084684128E-4,5.1477065877899E-4,4.718716743899102E-4,5.135697834384347E-4,4.672170118371581E-5,5.88968181796889E-4,3.7296332750843495E-4,5.2341008846155E-4,4.198836702933116E-4,3.695174511492158E-4,3.1545807407229107E-4,72,91,88,86,78,91,45,95,64,87,1.7629491336271293E-4,2.0300756474562201E-4,1.7807234004367923E-4,8.880459463494587E-5,6.269475023304598E-4,9.256224561411841E-5,4.332742283847501E-4,6.683692132601728E-4,5.800453126595179E-4,83,4.8395225817939914E-4,90,92,87,86,80,97,50,91,85,5.337459253250679E-4,3.6278951046610284E-4,6.339931688841492E-4,7.007247375950543E-4,2.7220458515099966E-4,5.574778423399469E-5,3.5089613995398065E-4,2.186580764935135E-4,1.3537474677954695E-4,2.356168119755508E-4,2.201142607809527E-4,4.361439521459186E-4,3.540003250516566E-4,4.5860691412884295E-4,1.2109900157011645E-4,5.02261871184768E-4,1.385019483219191E-4,6.694314942962544E-4,3.3414405632796647E-4,5.441541768935704E-4,2.355937402990011E-4,2.7281789239752243E-4,1.9451485595984027E-4,6.156193677377765E-4,4.2560021531435867E-4,1.1206544313813539E-4,3.888167692311029E-4,1.1326978881523015E-4,6.35989360032079E-4,1.9931713253415877E-4,4.440923680923297E-4,6.086913874754393E-5,2.0567697431385728E-4,6.174162962582217E-4,1.4462429863627648E-4,2.6441916617212945E-4,1.0015836343674104E-4,4.1046503244826434E-4,3.529222537993502E-4,2.2623370485289233E-4,0.9959601495201258,0.9967637027173948,0.9986833261841079,0.9988582648840715,0.99784370145668,0.9958057377426253,0.9951421519566298,0.9958538343782353,0.9975126081263737,0.9958397359578643,0.99634444021421,random_mc2_n6_mid3_d1000_05_mr098_r10_54_uai,0.9978890628134827,0.9963141500469667,0.9963831746208601,0.9954070665101856,0.9989544413339054,0.9961915809888371,0.9962746625563413,0.9960582686684383,0.9944922179604005,0.9956794053666734,0.9972963764383233,0.9943397239770544,0.9961014210370489,0.9935548037369625,0.9950566387023096,0.9958862728434724,0.9981985507310347,0.993278628550499,0.9960185412147032,0.9974112305151841,0.9925704694389637,0.9946483777590778,0.9960841045914497,0.9964607518461901,0.9960261518140647,0.9988973188142322,0.9961398856492832,0.9975379460653763,0.9955394929780421,0.9955620478371145,0.9960220209540908,0.9965412640508864,0.9965086911877107,-6338.489815309266,-6337.6810823373435,-6338.205342504587,-6337.657896041625,-6339.357197736322,-6335.484899976474,-6340.263127649264,-6337.659266906125,-6340.645054906307,-6344.843386219217,-6347.03740835782,-6338.279125061411,-6338.6741007589635,-6319.089993993646,-6334.318539098828,-6320.272015553642,-6338.94463888303,-6318.675695722915,-6358.918821673264,-6362.174907281984,-6344.266689982639,-6338.3049463572825,-6335.976733125142,-6343.189988946024,-6337.963673600577,-6326.562016605578,-6340.371717877627,-6363.379410400785,-6337.254362332344,-6353.878258923249,0.9959791386386575,0.9958077552832871,-6321.91357913832,-6316.904819117033,-6345.23985139866,-6337.189455233275,-6337.473656422815,-6369.047102938946,-6319.435802939432,-6332.390776518076,-6339.585484836626,-6338.132907431014,-6338.131798664374,-6348.765685543112,-6338.604677024308,-6336.477656286578,-6335.507518837707,-6339.572564309344,-6329.445975677716,-6341.360180496406,-6358.770881023645,-6337.577441005596,-6322.458634323159,-6337.779701263394,-6344.176515518717,-6330.961609363133,-6345.920916993999,-6337.656504033073,-6348.4986585324405,-6318.958680702788,-6337.334698572911,-6357.8091732124285,-6337.703949202871,-6343.650090257734,-6323.2944534904345,-6338.468356889869,-6338.966454553256,-6350.484521246985,-6321.367586512159,-6340.766041968442,-6339.186632585174,-6337.241564488778,0.9960832368176422,-6336.922333222417,-6323.484117788275,-6342.769143798331,0.9959340887436182,0.9924966630524111,0.9965109293045352,0.9987093516076041,0.9954761183495411,0.9960657524246415,0.9958966444452615,0.9988030791649456,0.9938277175201851,0.9987243156220937,-6341.148749419759,-6351.725955036601,-6346.961812661376,-6346.9881101037945,-6320.388149391181,-6338.154912817938,-6351.528758643718,-6320.88829929322,-6374.8544414837625,0.9960655406497958,-6338.231445026999,-6359.038698972273,-6342.175777086455,-6357.96085643071,-6348.628472901817,-6345.877025540671,-6339.26595910756,-6336.950403363629,-6346.453894750751,-6339.801039924023,-6348.917031823704,-6344.835520690405,-6359.0939898245615,-6334.528675893558,-6322.393952630522,-6342.389817445654,-6336.484563301536,-6324.930435441717,1.2442350696107566E-4,3.7804987260575966E-4,4.962804586098283E-4,1.6914212214613536E-4,3.9093860736438634E-4,1.6597771596593174E-4,2.733642401536357E-4,5.886823608152623E-4,-6337.797651801073,-6339.269898035446,-6348.48597532231,-6337.615784572876,-6348.547406023631,-6319.914743468868,-6338.982180890407,-6348.707270647501,-6325.850424325251,-6343.207453338931,-6337.355578896731,-6319.1605077996755,-6319.607591658176,-6375.599527973348,-6337.410841594949,-6344.210235317979,-6338.115580537205,-6336.703285855354,-6344.355484917746,-6332.534739333766,-6320.482849996214,-6337.1464307880215,-6360.04690388905,-6334.426591158485,62,36,48,94,35,86,89,99,86,56,-6319.889736667765,-6338.09546265232,-6337.257669587699,-6338.333766033341,-6337.2590169606465,-6341.0113136940745,1.3444817766705797E-4,1.1948912126344259E-4,2.2936683360098744E-4,1.5464412284904377E-4,6.153545305885314E-4,2.635428646090283E-4,1.047696335794102E-4,5.403091637576678E-4,82,4.389231415011159E-4,92,74,91,92,96,89,92,92,62,6.56638324333552E-5,64,35,96,42,81,64,82,83,85,92,0.9959011726935747,0.9960662722465713,0.9934602256663965,0.9977496960273986,0.9962671257874434,0.9951342053394099,0.9949653186764089,0.9955765387016906,0.9919768918146483,0.9959547977940191,0.9960026349047015,0.9959052298608799,0.9926727335238565,0.9921646954002747,0.9989949845407459,0.9987426669979734,0.9958431729769623,0.9989294874683893,0.9945309792336483,0.9958006716523368,0.9965279279852484,95,32,78,56,80,91,85,31,94,91,74,35,87,77,55,60,91,94,87,83,94,95,88,61,91,24,92,76,48,89,3.5226992650986904E-4,3.2565529236150734E-4,4.3573180091347765E-4,5.360605600090783E-4,2.3764323272752567E-4,6.470960347518555E-4,5.987577761527559E-4,3.0153852941271846E-5,6.239444287858566E-4,3.895533436398949E-4,91,52,88,77,88,82,40,105,86,62,9.517859188140584E-5,1.3268506171589147E-4,0.9960256530918483,3.8963771159220836E-4,0.9961389775905118,1.8553498134258302E-4,8.087960348179754E-5,2.548929777165256E-4,0.994513990700638,2.4749353852380356E-4,0.9939931197930464,2.0462527740519268E-4,0.992009492556928,3.124323781963417E-4,0.9935184719882318,102,1.291208342464766E-4,0.997872745083154,3.3746520414579826E-4,0.9962002725756645,31,0.9959749137459886,32,0.9965522579889745,0.9971082432579328,79,94,78,95,92,94,82,2.423890377541555E-4,1.6621943851975393E-5,2.8292739423393454E-4,0.9969614953543378,5.518336708385949E-4,0.9954144543569683,2.624013724275305E-4,0.9971352776702526,4.398813807843704E-4,2.7471933198442545E-4,0.9948741105078289,2.7135435236527744E-4,0.9989322293918165,2.486248561784135E-4,0.996024291974032,2.9620661761754465E-4,0.9957308988678499,53,4.399743925904778E-4,0.9940998119732103,87,0.9958940658148702,96,0.9957101263205744,93,0.9960883953586438,95,93,70,32,74,78,4.92293341922115E-4,5.87881447021491E-4,3.2210718296571335E-4,2.107043691899991E-4,0.9950866870793121,1.4042445758370646E-4,0.9959031036782776,1.984743318223645E-4,0.9961562486445715,1.5163836519777916E-4,0.995293790233904,5.09976590757735E-4,0.9961510809657419,2.1464864311967794E-4,0.9959566758234613,5.229311238337454E-4,0.9989258973478842,0.9908656260309374,32,79,0.9987451227261012,92,0.9950824516588019,84,0.9990762753201028,37,79,94,92,92,77,5.586878482658669E-4,4.065855314447148E-4,7.274548759874233E-5,1.2479670180555628E-4,2.8432261808039523E-4,1.1449845107231977E-4,5.404774579191674E-4,4.4689134932147343E-4,6.21555569010443E-4,3.074714171363683E-4,97,75,87,0.9960554545574488,93,0.9958979632300172,85,85,93,81,88,91,4.773570147312433E-4,4.760529304270177E-4,3.0198588536118324E-4,1.90263328714553E-4,1.38395003994891E-4,3.9102273394473597E-4,1.5682809124325478E-4,2.9408252074092275E-4,3.2057116898939964E-4,4.5229515746591495E-4,0.9989704738692482,0.9954082633486974,0.9959992064855854,-6340.266449416287,0.9955336206814333,-6346.6744092562,0.9948748841739509,-6344.881409061468,0.9955935900261411,-6353.262981275531,0.9963444674913741,-6341.049440067257,0.9959168231164216,-6345.85404974243,0.9960028503446444,0.995872126152294,-6336.9185330494,0.9957358659677238,-6346.475763178128,-6339.212151445802,-6350.849069941778,2.3336246892071533E-4,4.9423611590823E-4,1.6284736586240928E-4,5.612349435629835E-4,4.7164448436417443E-4,2.7964809319216386E-4,3.7611270945376706E-4,6.674279672545065E-4,1.8022119819308398E-4,4.765159998415082E-4,0.9956905454324936,0.9960686562946477,0.9959515215126701,0.9957366098084424,0.9934686688685025,0.9954233548355272,0.9959762390454662,0.9986993397021846,0.9986519644278254,0.9953561898960415,0.9963124997010862,4.136767799127146E-4,2.6865217412969073E-4,4.378057784302952E-4,2.611749283778272E-4,1.85853251498859E-4,5.320547033870159E-4,3.0810163729139253E-4,6.024110465082396E-4,1.3293977170772308E-4,3.882204073096941E-7,0.9960452876427178,0.9942902776666329,0.9934428644666388,0.9960189529881334,0.9959971766520143,0.9952236964122047,0.9959089311480608,0.9941905763428759,0.997446872825538,0.9969110546293511,0.996052314145219,6.769575698496392E-4,1.5399180584224558E-4,2.2187241886719705E-4,5.785213552539957E-4,5.526438391981163E-5,3.840394320634423E-4,6.055706863664558E-4,5.76714140703048E-4,6.139522746982862E-4,0.9955326365660558,1.0412137294483699E-4,0.9945728674693537,0.9987186496637778,0.9959858952456041,0.9947132730355315,0.996080720757949,0.9961335685129878,0.9956611338508161,0.9952604868500394,0.9986574598403042,0.9959752354021614,89,6.686369410165131E-4,97,78,93,38,93,81,97,91,48,-6378.2044644553125,-6335.304663592619,-6338.263936439702,-6337.150347560546,3.787215784809251E-4,1.9155373477155308E-4,2.514704684225257E-4,2.558139966101099E-4,-6340.715640161896,3.3861847914952957E-4,-6331.510496126706,2.2374900616832155E-4,-6365.8808659247,2.154941514419482E-4,-6340.78736951844,2.1660155261355582E-4,-6336.570614656783,2.0417853068554464E-4,-6336.887023337065,91,34,33,82,56,91,69,91,70,69,-6318.451318981935,-6356.510695170999,-6339.594461498729,-6341.863359975158,-6338.046617993771,-6320.867866990651,-6337.790796927366,-6323.953841364796,-6346.768058329105,-6340.631265351949,-6312.325328966701,-6350.180759869788,-6323.537659969621,-6341.700466966939,-6321.579269270371,-6335.04598275597,-6360.9529321333985,-6341.94237216388,-6330.910968651948,-6318.706293932786,-6329.082989784374,-6333.819204308266,-6331.068772684844,40,0.9952611903503218,85,0.9956573317139367,91,0.9955467153720677,64,0.9978355796285449,76,0.997467500825738,0.9951144564363419,37,0.9933047347847942,83,0.9958074986931265,0.9989464455198813,0.9962605514809881,0.9963011317376007,15,50,90,-6343.385578810991,-6319.247726470545,-6330.328233709078,-6321.82574574975,-6335.7604722958395,-6338.6129842921655,-6318.982721522753,-6336.01854412797,0.9948534041818929,-6337.940595176523,87,0.9957536612184436,93,0.998668884014998,90,0.9956663719182439,67,0.9972206429547199,66,0.9931145268057819,87,0.9952504536021018,57,0.997114658705586,76,0.9959922717175864,-6338.708958531671,0.9957655468166877,0.9959097556180434,35,98,-6319.098323628551,-6337.686752220684,-6349.899583612639,-6370.0002914256565,-6337.034756556725,-6339.341199145418,-6317.170938564611,-6316.715372697726,101,0.994344382990183,0.9952998953714505,84,0.9959053930607029,54,0.9956732855273741,71,0.9987008868267149,67,0.997716378652843,35,0.9986382615219898,74,0.9925714669999737,37,0.9949156074189774,94,0.9935746705415007,-6338.442689474313,-6338.7638937538895,0.9960171909546675,90,-6316.496137433352,-6378.808315170695,-6354.283051329173,-6324.531685592955,-6338.969539051299,-6346.99874572494,-6345.071068444957,-6360.770051226344,91,87,90,59,93,31,89,86,77,86,-6336.475243328023,-6321.779258699146,-6334.7066831201,-6320.833691479086,-6357.583600111179,-6342.221730900488,-6362.487912557783,-6337.991744709076,-6348.191046407962,-6339.666756443273,3.7258177708434135E-4,1.1696723440375202E-4,1.7510502235195975E-4,2.448318892015105E-4,5.55512882327135E-4,2.1041450706015146E-4,4.834505708550067E-4,3.5628848292697186E-4,94,1.3548412559103836E-4,81,29,96,37,59,58,62,90,90,5.47098211679137E-4,3.0170583327071777E-4,1.106413279172297E-4,3.010839681426855E-4,-6342.134022440454,5.892907879259323E-4,6.15254139355205E-4,-6326.773283495513,2.4793813577342225E-4,-6348.228477928679,1.356676791284336E-4,-6339.755641453489,5.093456929951884E-4,-6320.53642109357,86,93,44,86,54,70,91,82,22,34,-6353.146387605137,-6338.278086402479,-6359.567586650027,-6344.583683175112,-6320.9327863588005,5.788840222110361E-4,6.505911872599057E-4,4.231022779547231E-4,5.871258759433729E-5,1.840612915047951E-4,9.498236159705078E-5,5.090027663206349E-4,-6329.918432357722,3.3680352919890203E-4,-6344.980378448393,2.582670611723482E-4,-6320.7389656408905,-6339.799662818197,64,95,91,36,14,32,70,44,85,97,-6337.725209535121,-6339.243906211391,-6342.449085173039,-6330.591245304835,-6337.566646732706,5.316452604554805E-4,-6356.0900163946235,6.572007916359192E-5,1.961992200443821E-4,1.1622964483005314E-4,3.415346894387508E-4,1.5058613394367397E-4,3.460599519954402E-4,5.125738198976232E-4,-6326.017490092437,4.8609535434926274E-4,-6339.857225879698,-6340.561654716105,90,70,78,91,90,104,62,90,64,72,-6338.9011804498805,-6342.380663657573,-6343.3158750121165,-6354.872888363212,5.915814941998885E-4,-6338.2503217366175,1.2726747604372942E-4,-6328.351874864235,1.0074102239034082E-4,1.2929734040856278E-4,-6339.168240100547,5.374325358649234E-4,2.004304527688373E-4,1.2113277277675218E-4,7.80874333098106E-5,1.3248727535454302E-4,2.3260117195362964E-4,3.0903587224823814E-4,5.804660679166622E-4,9.194915144317645E-5,3.2697452402600234E-4,2.3426321165805682E-4,5.592285750980195E-4,3.5392592334911277E-4,6.952593893595822E-4,1.6660603266547536E-4,1.3478900600311187E-4,6.73823445370256E-4,4.238787359804285E-4,4.217565570280419E-6,9.664096413815752E-5,5.783990228165706E-4,1.4777641182439627E-4,4.332654932242301E-4,4.470669889420947E-4,3.767328863743718E-4,1.852600138628518E-4,5.584999251339402E-4,4.599641962317938E-4,2.8929798997359864E-4,1.5052743235656474E-4,2.6593767035071363E-4,2.8939529150486123E-4,3.562767474001397E-4,3.4089522132903206E-4,2.5924639010978153E-4,5.448253316609348E-4,9.068074906121237E-5,1.3273930096507477E-4,6.110962124790529E-4,4.5327992135765766E-4,0.9988476716970389,0.996050363654301,0.9989183406839345,0.9949741724866279,6.316986564861213E-4,8.976051067353695E-5,5.210642666610157E-4,6.165032614978391E-4,1.5971125635850383E-4,2.0673117878061573E-4,5.769056220378045E-4,5.241677297108188E-4,4.2269926319461423E-4,5.873931445417932E-4,2.1961285706825312E-4,2.0304001646914523E-4,1.7841957921268465E-4,5.662678831635863E-4,5.770683781957935E-4,1.3261196257267823E-4,2.383559480335834E-4,4.683959570394695E-4,/mnt/beegfs/rcabanas/dev/credici/papers/journalEM/models/synthetic/s12/random_mc2_n6_mid3_d1000_05_mr098_r10_54.uai,2.7876172410650515E-4,1.9393344089179082E-4,3.845631739766864E-4,4.385283088705823E-4,5.448037259713453E-4,5.472757187900385E-4,2.0867856475498432E-4,4.194817119223062E-4,8.179517455163844E-5,6.22781196799378E-5,2.169725734404065E-4,4.824212244786761E-4,0.9960094684711341,0.9942693937316959,0.9942944307192915,0.9987991270752488,0.994304051943066,0.99927504208446,0.9957000097348435,0.995928204908096,0.9988748245580051,0.9948127221030575,0.9984833310276084,0.9948761174946632,0.9946224196456733,0.9952597539185849,0.9926453892751553,0.9964948699322564,0.9942365441738192,0.9957495785000264,0.9978619324752698,0.9951314654929069,0.9957947741194056,0.9959808873312428,0.9926540201724009,0.9986452900413573,0.9901912878025638,0.9947128353671314,0.995293342668363,0.99282230128582,0.9959127216661322,0.9956661556436395,0.9961872811188152,0.9980070758716355,0.9984074665800236,0.993796863033951,0.9982353416860517,/mnt/beegfs/rcabanas/dev/credici/papers/journalEM/models/synthetic/s12/random_mc2_n6_mid3_d1000_05_mr098_r10_54_info.csv,0.9952002328728301,0.9961184620921163,0.9959247471533078,0.9945428246274334,0.9945387039433847,0.9954545427662933,0.995750197212951,0.9961140496880238,0.9942817343793117,0.9955146250762925,0.9945878615989181,0.9957586492080138,0.9939340802228462,0.9946189924163004,0.9947164368242771,0.9948689222073916,0.9935564366799419,0.9955930684187319,0.9961190594522499,0.9954701329216806,0.995930927537879,0.9900755687792139,0.9960416780203672,0.9949513932459824,0.9968086380574372,0.996152895947792,0.998950246065646,0.9960030691076025,0.9950620288248337,0.995762657707473,0.9960682837684935,0.9985695725771825,0.9939911368726883,0.9982652832942678,0.995875497604283,0.9959956128529226,0.9957972445859185,0.9954213527219278,0.9963409103687311,0.9957020390466005,0.9959837082548613,0.9960536454525842,0.9928459878227602,0.9943020654943161,0.9947059554528437,0.9949794608529406,0.9970563270564032,0.9983972524072444,0.9968312998582175,0.9960318056027534,0.9910941506546446,0.9960764742095501,0.9942602454742673,0.9926958286552593,0.9960154945207442,0.9972950797310215,0.9958540799755407,0.9961883670029331,0.9959283791316691
