pns_91,pns_92,trueState,pns_90,pns_95,ll_89,pns_96,pns_93,pns_94,pns_99,pns_97,pns_98,ll_90,ll_91,ll_96,ll_97,ll_98,ll_99,datasize,ll_92,ll_93,ll_94,ll_95,pns_80,pns_81,pns_84,ll_78,pns_85,ll_79,pns_82,pns_83,pns_88,pns_89,pns_86,pns_87,ll_80,ll_85,ll_86,ll_87,ll_88,ll_81,ll_82,ll_83,ll_84,pns_70,pns_73,pns_74,pns_71,pns_72,pns_77,pns_78,pns_75,pns_76,pns_79,ll_max,pns_62,pns_63,pns_60,pns_61,pns_66,pns_67,pns_64,pns_65,pns_68,pns_69,exactPath,stop_criteria,ll_1,ll_2,ll_0,ll_5,ll_6,ll_3,ll_4,pns_11,ll_9,pns_12,ll_7,pns_10,ll_8,pns_15,pns_16,pns_13,pns_14,pns_19,pns_17,pns_18,time_learn,iter_9,iter_8,iter_7,iter_6,iter_5,iter_4,iter_3,iter_2,iter_1,iter_0,pns_51,pns_52,pns_50,pns_55,pns_56,pns_53,pns_54,pns_59,pns_57,pns_58,pns_40,pns_41,pns_44,pns_45,pns_42,pns_43,pns_48,pns_49,pns_46,pns_47,pns_30,iter_max,pns_33,pns_34,cause,pns_31,pns_32,pns_37,pns_38,pns_35,pns_36,pns_39,pns_22,pns_23,pns_20,pns_21,pns_26,pns_27,pns_24,pns_25,time_pns,pns_28,pns_29,ratio_62,ratio_63,ratio_64,ratio_65,ratio_66,ratio_67,ratio_68,ratio_69,ratio_60,ratio_61,ratio_51,ratio_52,ratio_53,ratio_54,ratio_55,ratio_56,ratio_57,ratio_58,ratio_59,ratio_50,ratio_40,ratio_41,ratio_42,ratio_43,ratio_44,ratio_45,ratio_46,ratio_47,ratio_48,ratio_49,ratio_0,ratio_1,ratio_2,ratio_3,ratio_30,ratio_31,ratio_32,ratio_33,ratio_34,ratio_35,ratio_36,ratio_37,ratio_38,ratio_39,iter_10,iter_11,iter_16,iter_17,iter_18,iter_19,iter_12,iter_13,iter_14,iter_15,ratio_95,ratio_96,ratio_97,ratio_98,ratio_99,pns_u,ratio_90,ratio_91,pns_l,ratio_92,ratio_93,ratio_94,iter_30,ratio_84,iter_31,ratio_85,iter_32,ratio_86,iter_33,ratio_87,ratio_88,ratio_89,modelPath,iter_38,iter_39,iter_34,iter_35,iter_36,iter_37,ratio_80,ratio_81,ratio_82,ratio_83,ratio_73,iter_20,ratio_74,iter_21,ratio_75,iter_22,ratio_76,ratio_77,ratio_78,ratio_79,iter_27,iter_28,iter_29,iter_23,iter_24,iter_25,iter_26,pns_8,pns_9,pns_6,pns_7,pns_4,pns_5,pns_2,pns_3,pns_0,pns_1,ratio_70,ratio_71,ratio_72,iter_52,iter_53,iter_54,iter_55,iter_50,iter_51,iter_56,iter_57,iter_58,iter_59,ll_10,ll_11,iter_41,iter_42,iter_43,iter_44,method,modelID,iter_40,iter_49,iter_45,iter_46,iter_47,iter_48,exact,iter_74,ll_27,iter_75,ll_28,iter_76,ll_29,iter_77,iter_70,ll_23,iter_71,ll_24,iter_72,ll_25,iter_73,ll_26,iter_78,iter_79,ll_30,ll_31,ll_32,iter_80,ll_33,iter_63,ll_16,iter_64,ll_17,iter_65,ll_18,iter_66,ll_19,ll_12,iter_60,ll_13,iter_61,ll_14,iter_62,ll_15,infoPath,iter_67,iter_68,iter_69,ll_20,ll_21,ll_22,iter_96,ll_49,iter_97,iter_98,ratio_20,iter_99,ratio_21,iter_92,ratio_22,ll_45,iter_93,ratio_23,ll_46,iter_94,ratio_24,ll_47,iter_95,ratio_25,ll_48,ratio_26,ratio_27,ratio_28,threshold,ratio_29,falseState,ll_52,ll_53,ll_54,ll_55,ll_50,ll_51,iter_85,ratio_4,ll_38,iter_86,ratio_5,ll_39,iter_87,ratio_6,iter_88,ratio_7,ratio_10,iter_81,ratio_8,ratio_11,ll_34,iter_82,ratio_9,ratio_12,ll_35,iter_83,ratio_13,ll_36,iter_84,ratio_14,ll_37,ratio_15,ratio_16,ratio_17,ratio_18,iter_89,ratio_19,effect,ll_41,ll_42,iter_90,ll_43,iter_91,ll_44,ll_40,ll_67,ll_68,ll_69,ll_74,ll_75,ll_76,ll_77,ll_70,ll_71,ll_72,ll_73,ll_56,ll_57,ll_58,ll_59,ll_63,ll_64,ll_65,ll_66,ll_60,ll_61,ll_62
0.40219349695738027,0.49051848906158996,0,0.3975199220685145,0.4822480034763735,-4295.678249724282,0.3721364654260719,0.42157914129286345,0.40093930591423393,0.46427869671712835,0.4880261639533031,0.4786682938985581,-4295.67641603457,-4295.678148656724,-4297.133240598696,-4295.976122697825,-4295.674255455654,-4295.675580163041,1000,-4295.684948127266,-4295.682386768883,-4295.86682703414,-4295.6825663185755,0.46660010989590733,0.3624921186816116,0.4721665560243539,-4295.752607709943,0.4565529704031019,-4295.687511177171,0.3706697292546449,0.3704385840211078,0.4892601047758182,0.4306877802293723,0.42320603755961583,0.3715252589782191,-4295.67901693197,-4295.667626143139,-4295.672450510881,-4295.854655037796,-4295.675233605767,-4296.077363511978,-4295.671624368106,-4295.681506823695,-4295.676750859383,0.36444575198861445,0.3974550817543227,0.39890997244596066,0.41875805067058747,0.3761690775670398,0.4807691700886916,0.4972603437332459,0.3818408768320171,0.4760307135165216,0.43799348881705097,-4295.412100470537,0.4385890867525709,0.4286643905791808,0.37578704886666253,0.4647068096609075,0.44543927162444596,0.4340558952135755,0.3675505621281283,0.3864434044974604,0.37902009361940797,0.48897749642113225,/mnt/beegfs/rcabanas/dev/credici/papers/journalEM/output/synthetic/s1/random_mc2_n5_mid3_d1000_05_mr098_r10_18_uai_ccve.csv,LLratio,-4295.678274975173,-4295.67695584442,-4295.676809719554,-4295.6812380948495,-4295.671982524684,-4295.67546360505,-4295.683762150915,0.47974324969552307,-4295.670892250752,0.4118045527582891,-4295.672903772423,0.4392872288037473,-4295.700124613298,0.4760683583057471,0.4671160150457433,0.37281191322285373,0.45884023536426993,0.4824530205765614,0.37519121654616455,0.4502563136873159,110672,159,500,117,156,118,232,247,359,111,149,0.42971247126820916,0.40058753448781015,0.40929979722831494,0.38997068474487895,0.49427811710811753,0.43229310304988117,0.374185425559085,0.4848376218747336,0.44943154375920535,0.3913892997406555,0.48581026699854857,0.43871669956476933,0.4979254776086503,0.4099148776574078,0.37564121426756386,0.39137152514040763,0.4911338147198379,0.48426330874089973,0.4451844971252847,0.42102173289679884,0.3742756103737663,500,0.3773330175217652,0.4852227473520744,1,0.3685580079939642,0.37430670877882005,0.4852782357444359,0.388683537476316,0.42635993394917343,0.4189579736918567,0.4265591601436264,0.44959676795031234,0.48783377570230235,0.38545026048593617,0.44763741184461264,0.36622023491688105,0.49561267977231943,0.48598918430256727,0.48041353319961566,361,0.385679357963232,0.4618678634249628,0.9999391007111853,0.9999467160952955,0.9999366370590642,0.9999388071906938,0.9999446844254329,0.9999445590212462,0.9999377717021279,0.9999394434695135,0.999940808132852,0.9999399837016767,0.9999408602245032,0.9999441871903765,0.9999375128356898,0.9997899325790841,0.99994436716729,0.9999384565719214,0.9999375217785433,0.9999389428874357,0.9999381378099884,0.9999381690243065,0.9999379292233287,0.9999409915736951,0.999936693928652,0.9999384624140053,0.9999371534954621,0.9999394718627294,0.999942684515983,0.9999384051943282,0.9998806499524315,0.9999376081256786,0.9999383777549515,0.9999380366760269,0.9999383437403215,0.9999386911006788,0.9999370870442376,0.9999365063615295,0.9999387510640341,0.9997931129346235,0.9999379953593479,0.9999368908697821,0.9999374646584357,0.9999388135135744,0.9999396542999621,0.9999398673594586,90,155,129,297,152,500,109,195,185,59,0.9999370377480495,0.9995994678238272,0.9998687091801303,0.9999389723313434,0.9999386639685451,0.4982240279365952,0.9999384693961009,0.9999380660801435,0.3624921186816116,0.999936483317556,0.999937079543129,0.9998941478910045,171,0.9999383914562952,356,0.9999405154926214,85,0.9999393924831688,500,0.9998969810194253,0.9999387446394521,0.9999380425538705,/mnt/beegfs/rcabanas/dev/credici/papers/journalEM/models/synthetic/s1/random_mc2_n5_mid3_d1000_05_mr098_r10_18.uai,117,195,329,334,100,199,0.9999378639650722,0.9998451464009722,0.9999395847913285,0.9999372843743815,0.9999381465913442,233,0.9999374498881256,147,0.9999392510219907,154,0.9999374205458257,0.9999368068571631,0.9999207339736473,0.9999358866989466,196,334,96,500,384,253,308,0.37289636654717023,0.4530356355607712,0.4443075028048832,0.3864382118309534,0.3764824260861918,0.4218935441774258,0.4982240279365952,0.45572204598123534,0.38973880578124465,0.36836705650476653,0.9999367942114835,0.999939360103146,0.9999370316118745,57,107,500,85,263,105,199,103,210,424,-4295.6747659866905,-4295.677142084697,114,500,293,176,EMCC,random_mc2_n5_mid3_d1000_05_mr098_r10_18_uai,405,288,155,82,313,500,false,85,-4295.6816664776,236,-4295.678630897129,336,-4295.670191846449,424,123,-4297.204529173481,183,-4295.680030167563,302,-4295.6838883488535,236,-4295.677753492935,500,500,-4295.682354544477,-4295.684849131329,-4295.675206006158,156,-4296.300949565966,119,-4295.681518917089,181,-4295.669659022054,106,-4295.676332474255,71,-4295.793901450404,-4295.669698569227,124,-4295.670512511839,287,-4295.680940367102,140,-4295.656000388201,/mnt/beegfs/rcabanas/dev/credici/papers/journalEM/models/synthetic/s1/random_mc2_n5_mid3_d1000_05_mr098_r10_18_info.csv,103,319,166,-4295.675982966774,-4295.673685927657,-4295.682290211991,500,-4295.680116004458,500,78,0.9999385702047164,142,0.9999391049050169,107,0.9999371020193764,-4295.67210950165,194,0.9995828849451367,-4295.658308205641,500,0.9999376281065756,-4295.676691841598,168,0.9999367300096138,-4295.924819302069,0.9999381580654686,0.9999372472105725,0.9999379538253452,0.9999,0.9999399182515448,1,-4295.651852869609,-4295.680525365349,-4296.314616201405,-4295.651079708434,-4295.677706414387,-4295.666145201971,144,0.9999367593856017,-4295.671325763821,100,0.9999373469283691,-4295.6704104752125,500,0.9999395014202188,217,0.9999392869737225,0.9999388534909032,500,0.9999329505937552,0.9999383003877165,-4295.678452469338,172,0.9999397552124668,0.9999400330759188,-4295.68319730081,443,0.9999398436075227,-4295.680732332383,86,0.9999374162326538,-4295.6749377268015,0.9999432217296628,0.999937281559313,0.9999400422816553,0.9999384888470946,135,0.9999111221374611,3,-4295.665580936398,-4295.684043351072,202,-4295.676446029239,260,-4295.682069073184,-4295.6787365860455,-4295.650255525085,-4295.679413288629,-4295.672231476981,-4295.680795784888,-4295.673058218685,-4295.680921837931,-4295.6835582152125,-4295.683612540483,-4295.672589613288,-4295.682592679295,-4295.677802785124,-4295.676471126485,-4295.680486947306,-4295.674381944812,-4295.677840509334,-4295.640988995638,-4295.684287660333,-4295.674964889504,-4295.649716802758,-4295.6663689835605,-4295.669910677393,-4295.673703944087
