ll_206,ll_205,ll_208,ll_207,ll_209,ll_200,datasize,ll_202,ll_201,ll_204,ll_203,exactPath,ll_240,ll_249,ll_242,stop_criteria,ll_241,ll_244,ll_243,ll_246,ll_245,ll_248,ll_247,ll_239,ll_238,ll_231,ll_230,ll_233,ll_232,ll_235,ll_234,ll_237,ll_236,ll_228,ll_227,ll_229,ll_220,ll_222,ll_221,ll_224,ll_223,ll_226,ll_225,ll_217,ll_216,ll_219,ll_218,ll_211,ll_210,ll_213,ll_212,ll_215,ll_214,ll_280,ll_282,ll_281,ll_284,ll_283,ll_286,ll_285,ll_288,ll_287,ll_289,ll_271,ll_270,ll_273,ll_272,ll_275,ll_274,ll_277,ll_276,ll_279,ll_278,ll_260,ll_262,ll_261,ll_264,ll_263,ll_266,ll_265,ll_268,ll_267,ll_269,ll_251,ll_250,ll_253,ll_252,ll_255,ll_254,ll_257,ll_256,ll_259,ll_258,iter_438,iter_439,iter_436,iter_437,iter_430,iter_431,iter_434,iter_435,iter_432,iter_433,iter_427,iter_428,iter_425,iter_426,iter_429,iter_420,iter_423,iter_424,iter_421,iter_422,iter_416,iter_417,iter_414,iter_415,iter_418,iter_419,iter_412,iter_413,iter_410,iter_411,ll_291,ll_290,ll_293,ll_292,ll_295,ll_294,iter_405,iter_406,iter_403,iter_404,iter_409,iter_407,iter_408,time_pns,iter_401,iter_402,iter_400,ll_297,ll_296,ll_299,ll_298,ratio_62,pns_349,ratio_63,pns_348,ratio_64,pns_347,ratio_65,pns_346,ratio_66,pns_345,ratio_67,pns_344,ratio_68,pns_343,ratio_69,pns_342,pns_341,iter_359,pns_340,iter_353,ratio_722,iter_354,ratio_721,iter_351,ratio_720,iter_352,iter_357,ratio_726,iter_358,ratio_725,iter_355,ratio_724,iter_356,ratio_723,ratio_729,ratio_728,ratio_727,iter_350,ratio_60,ratio_61,pns_339,ratio_51,pns_338,ratio_52,pns_337,ratio_53,pns_336,ratio_54,pns_335,ratio_55,pns_334,ratio_56,pns_333,ratio_57,pns_332,ratio_58,pns_331,ratio_59,pns_330,iter_348,iter_349,ratio_740,iter_342,ratio_733,iter_343,ratio_732,iter_340,ratio_731,iter_341,ratio_730,iter_346,ratio_737,iter_347,ratio_736,iter_344,ratio_735,iter_345,ratio_734,ratio_739,ratio_738,ratio_50,pns_328,ratio_40,pns_327,ratio_41,pns_326,ratio_42,pns_325,ratio_43,pns_324,ratio_44,pns_323,ratio_45,pns_322,ratio_46,pns_321,ratio_47,iter_339,pns_320,ratio_48,ratio_49,iter_337,iter_338,ratio_751,ratio_750,iter_331,ratio_744,iter_332,ratio_743,ratio_742,iter_330,ratio_741,iter_335,ratio_748,iter_336,ratio_747,iter_333,ratio_746,iter_334,ratio_745,ratio_749,pns_329,pns_317,pns_316,ratio_30,pns_315,ratio_31,pns_314,ratio_32,pns_313,ratio_33,pns_312,ratio_34,pns_311,ratio_35,pns_310,ratio_36,iter_328,ratio_37,iter_329,ratio_38,iter_326,ratio_39,iter_327,ratio_762,ratio_761,ratio_760,iter_320,ratio_755,iter_321,ratio_754,ratio_753,ratio_752,iter_324,ratio_759,iter_325,ratio_758,iter_322,ratio_757,iter_323,ratio_756,pns_319,pns_318,pns_306,pns_305,pns_304,pns_303,pns_302,pns_301,pns_300,iter_397,iter_398,iter_395,iter_396,iter_399,iter_390,iter_393,iter_394,pns_309,iter_391,pns_308,iter_392,pns_307,ratio_95,ratio_96,ratio_97,ratio_98,ratio_99,iter_386,iter_387,iter_384,iter_385,pns_u,iter_388,iter_389,ratio_90,iter_382,ratio_91,pns_l,iter_383,ratio_92,iter_380,ratio_93,iter_381,ratio_94,ratio_84,ratio_85,ratio_86,ratio_87,ratio_88,ratio_89,iter_375,ratio_700,iter_376,iter_373,iter_374,iter_379,ratio_704,ratio_703,iter_377,ratio_702,iter_378,ratio_701,ratio_708,ratio_707,ratio_706,ratio_705,iter_371,ratio_80,iter_372,ratio_81,ratio_82,iter_370,ratio_83,ratio_709,ratio_73,ratio_74,ratio_75,ratio_76,ratio_77,ratio_78,ratio_79,iter_364,pns_8,ratio_711,iter_365,pns_9,ratio_710,iter_362,pns_6,iter_363,pns_7,iter_368,pns_4,ratio_715,iter_369,pns_5,ratio_714,iter_366,pns_2,ratio_713,iter_367,pns_3,ratio_712,pns_0,ratio_719,pns_1,ratio_718,ratio_717,ratio_716,iter_360,iter_361,ratio_70,ratio_71,ratio_72,pns_399,pns_398,pns_397,pns_396,pns_395,pns_394,pns_393,pns_392,pns_391,pns_390,ratio_20,ratio_21,ratio_22,pns_389,ratio_23,pns_388,ratio_24,pns_387,ratio_25,pns_386,ratio_26,pns_385,ratio_27,pns_384,ratio_28,pns_383,ratio_29,pns_382,ratio_773,pns_381,ratio_772,pns_380,ratio_771,ratio_770,ratio_766,ratio_765,ratio_764,ratio_763,ratio_769,ratio_768,ratio_767,ratio_10,pns_379,ratio_11,pns_378,ratio_12,pns_377,ratio_13,pns_376,ratio_14,pns_375,ratio_15,ratio_780,pns_374,ratio_16,pns_373,ratio_17,pns_372,ratio_18,pns_371,ratio_19,ratio_784,pns_370,ratio_783,ratio_782,ratio_781,ratio_777,ratio_776,ratio_775,ratio_774,ratio_779,ratio_778,pns_369,pns_368,pns_367,pns_366,pns_365,pns_364,ratio_791,pns_363,ratio_790,pns_362,pns_361,pns_360,ratio_795,ratio_794,ratio_793,ratio_792,ratio_788,ratio_787,ratio_786,ratio_785,ratio_789,pns_359,pns_358,pns_357,pns_356,pns_355,pns_354,pns_353,pns_352,pns_351,pns_350,ratio_799,ratio_798,ratio_797,ratio_796,ll_129,ll_128,ll_121,ll_120,ll_123,ll_122,ll_125,ll_124,ll_127,ll_126,ll_118,ll_117,ll_119,ll_110,ll_112,ll_111,ll_114,ll_113,ll_116,ll_115,ll_107,ll_106,ll_109,ll_108,ll_101,ll_100,ll_103,ll_102,ll_105,ll_104,ll_161,ll_160,ll_163,ll_162,ll_165,ll_164,ll_167,ll_166,ll_169,ll_168,ll_150,ll_152,ll_151,ll_154,ll_153,ll_156,ll_155,ll_158,ll_157,ll_159,ll_141,ll_140,ll_143,ll_142,ll_145,ll_144,ll_147,ll_146,ll_149,ll_148,ll_130,ll_139,ll_132,ll_131,ll_134,ll_133,ll_136,ll_135,ll_138,ll_137,iter_317,iter_318,iter_315,iter_316,iter_319,iter_310,iter_313,iter_314,iter_311,iter_312,ll_190,ll_192,ll_191,ll_194,ll_193,ll_196,ll_195,iter_306,iter_307,iter_304,iter_305,iter_308,iter_309,iter_302,iter_303,iter_300,iter_301,ll_198,ll_197,ll_199,ll_181,ll_180,ll_183,ll_182,ll_185,iter_max,ll_184,ll_187,ll_186,ll_189,ll_188,ll_170,ll_172,ll_171,ll_174,ll_173,ll_176,ll_175,ll_178,ll_177,ll_179,pns_229,pns_228,pns_227,pns_226,pns_225,pns_224,pns_223,pns_222,pns_221,pns_220,iter_238,iter_239,iter_232,ratio_601,iter_233,ratio_600,iter_230,iter_231,iter_236,ratio_605,iter_237,ratio_604,iter_234,ratio_603,iter_235,ratio_602,ratio_609,ratio_608,ratio_607,ratio_606,pns_218,pns_217,pns_216,pns_215,pns_214,pns_213,pns_212,pns_211,iter_229,pns_210,iter_227,iter_228,iter_221,ratio_612,iter_222,ratio_611,ratio_610,iter_220,iter_225,ratio_616,iter_226,ratio_615,iter_223,ratio_614,iter_224,ratio_613,ratio_619,ratio_618,ratio_617,pns_219,pns_207,pns_206,pns_205,pns_204,pns_203,pns_202,pns_201,pns_200,iter_218,iter_219,iter_216,iter_217,ratio_630,iter_210,ratio_623,iter_211,ratio_622,ratio_621,ratio_620,iter_214,ratio_627,iter_215,ratio_626,iter_212,ratio_625,iter_213,ratio_624,ratio_629,ratio_628,pns_209,pns_208,iter_207,iter_208,iter_205,iter_206,ratio_641,ratio_640,iter_209,ratio_634,iter_200,ratio_633,ratio_632,ratio_631,iter_203,ratio_638,iter_204,ratio_637,iter_201,ratio_636,iter_202,ratio_635,ratio_639,iter_10,iter_11,iter_16,ll_918,iter_17,ll_917,iter_18,iter_19,ll_919,iter_12,iter_13,iter_14,iter_15,iter_276,ll_921,iter_277,ll_920,iter_274,ll_923,iter_275,ll_922,ll_925,ll_924,iter_278,ll_927,iter_279,ll_926,iter_272,iter_273,iter_270,iter_271,ll_907,ll_906,ll_909,ll_908,iter_265,ll_910,iter_266,iter_263,ll_912,iter_264,ll_911,iter_269,ll_914,ll_913,iter_267,ll_916,iter_268,ll_915,iter_261,iter_262,iter_260,iter_30,iter_31,iter_32,iter_33,iter_38,iter_39,iter_34,iter_35,iter_36,iter_37,iter_254,iter_255,iter_252,ll_901,iter_253,ll_900,iter_258,ll_903,iter_259,ll_902,iter_256,ll_905,iter_257,ll_904,iter_250,iter_251,iter_20,iter_21,iter_22,iter_27,iter_28,iter_29,iter_249,iter_23,iter_24,iter_25,iter_26,iter_243,iter_244,iter_241,iter_242,iter_247,iter_248,iter_245,iter_246,iter_240,iter_52,iter_53,iter_54,iter_55,iter_50,iter_51,ratio_692,ratio_691,ratio_690,iter_56,ratio_696,iter_57,ratio_695,iter_58,ratio_694,iter_59,ratio_693,ratio_689,ll_965,ratio_688,ll_964,ratio_687,ll_967,ratio_686,ll_966,ll_969,ll_968,ll_961,ll_960,ll_963,ll_962,iter_41,iter_42,iter_43,iter_44,iter_40,pns_299,iter_49,pns_298,pns_297,pns_296,pns_295,iter_45,pns_294,iter_46,pns_293,iter_47,pns_292,iter_48,pns_291,ll_954,ratio_699,ll_953,ratio_698,ll_956,ratio_697,ll_955,ll_958,ll_957,ll_959,ll_950,ll_952,ll_951,iter_74,iter_75,iter_76,iter_77,iter_70,iter_71,iter_72,pns_289,iter_73,pns_288,pns_287,pns_286,ll_939,pns_285,pns_284,iter_78,pns_283,iter_79,pns_282,pns_281,pns_280,iter_298,pns_290,ll_943,iter_299,ll_942,iter_296,ll_945,iter_297,ll_944,ll_947,ll_946,ll_949,ll_948,iter_290,iter_291,iter_80,iter_294,iter_295,iter_292,ll_941,iter_293,ll_940,iter_63,iter_64,iter_65,iter_66,iter_60,pns_279,iter_61,pns_278,iter_62,pns_277,pns_276,ll_929,pns_275,ll_928,pns_274,pns_273,iter_67,pns_272,iter_68,pns_271,iter_69,pns_270,iter_287,ll_932,iter_288,ll_931,iter_285,ll_934,iter_286,ll_933,ll_936,ll_935,iter_289,ll_938,ll_937,iter_280,iter_283,iter_284,iter_281,ll_930,iter_282,iter_96,iter_97,iter_98,iter_99,iter_92,pns_269,iter_93,pns_268,iter_94,pns_267,iter_95,pns_266,pns_265,pns_264,pns_263,threshold,pns_262,pns_261,ratio_652,pns_260,ratio_651,ratio_650,ratio_645,ratio_644,ratio_643,ratio_642,ratio_649,ratio_648,ratio_647,ratio_646,iter_85,iter_86,iter_87,iter_88,pns_259,iter_81,pns_258,iter_82,pns_257,iter_83,pns_256,iter_84,pns_255,pns_254,pns_253,pns_252,pns_251,iter_89,pns_250,ratio_663,ratio_662,ratio_661,ratio_660,ratio_656,ll_998,ratio_655,ll_997,ratio_654,ratio_653,ll_999,ratio_659,ratio_658,ratio_657,ll_990,iter_90,ll_992,iter_91,ll_991,ll_994,ll_993,ll_996,ll_995,pns_249,pns_248,pns_247,pns_246,pns_245,pns_244,pns_243,ratio_670,pns_242,pns_241,pns_240,ratio_674,ratio_673,ratio_672,ratio_671,ratio_667,ll_987,ratio_666,ll_986,ratio_665,ll_989,ratio_664,ll_988,ratio_669,ratio_668,ll_981,ll_980,ll_983,ll_982,ll_985,ll_984,pns_239,pns_238,pns_237,pns_236,pns_235,pns_234,pns_233,pns_232,ratio_681,pns_231,ratio_680,pns_230,ratio_685,ratio_684,ratio_683,ratio_682,ratio_678,ll_976,ratio_677,ll_975,ratio_676,ll_978,ratio_675,ll_977,ll_979,ratio_679,ll_970,ll_972,ll_971,ll_974,ll_973,trueState,ll_89,ll_90,ll_91,ll_96,ll_97,ll_98,ll_99,ll_92,ll_93,ll_94,ll_95,ll_78,ll_79,ll_80,ll_85,ll_86,ll_87,ll_88,ll_81,ll_82,ll_83,ll_84,ll_899,ll_898,ll_891,ll_890,ll_893,ll_892,ll_895,ll_894,ll_897,ll_896,pns_625,pns_624,pns_623,pns_622,pns_621,pns_620,iter_636,iter_637,iter_634,iter_635,iter_638,iter_639,iter_632,iter_633,iter_630,iter_631,pns_629,pns_628,pns_627,pns_626,pns_614,pns_613,pns_612,pns_611,pns_610,iter_625,iter_626,iter_623,iter_624,iter_629,iter_627,iter_628,iter_621,iter_622,iter_620,pns_619,pns_618,pns_617,pns_616,pns_615,pns_603,pns_602,pns_601,pns_600,iter_614,iter_615,iter_612,iter_613,iter_618,iter_619,iter_616,iter_617,iter_610,ratio_902,iter_611,ratio_901,ratio_900,ratio_906,ratio_905,pns_609,ratio_904,pns_608,ratio_903,pns_607,pns_606,ratio_909,pns_605,ratio_908,pns_604,ratio_907,iter_609,iter_603,iter_604,iter_601,iter_602,iter_607,iter_608,iter_605,iter_606,ratio_913,iter_600,ratio_912,ratio_911,ratio_910,ratio_917,ratio_916,ratio_915,ratio_914,ratio_919,ratio_918,iter_678,iter_679,iter_672,iter_673,iter_670,iter_671,iter_676,iter_677,iter_674,iter_675,iter_669,iter_667,iter_668,iter_661,iter_662,iter_660,iter_665,iter_666,iter_663,iter_664,iter_658,iter_659,iter_656,iter_657,iter_650,iter_651,iter_654,iter_655,iter_652,iter_653,iter_647,iter_648,iter_645,iter_646,iter_649,iter_640,iter_643,iter_644,iter_641,iter_642,pns_589,pns_588,pns_587,pns_586,pns_585,pns_584,pns_583,pns_582,pns_581,pns_580,ratio_971,ratio_970,iter_595,ratio_964,iter_596,ratio_963,iter_593,ratio_962,iter_594,ratio_961,iter_599,ratio_968,ratio_967,iter_597,ratio_966,iter_598,ratio_965,ratio_969,iter_591,iter_592,iter_590,pns_579,pns_578,pns_577,pns_576,pns_575,pns_574,pns_573,pns_572,pns_571,pns_570,ratio_982,ratio_981,ratio_980,iter_584,ratio_975,iter_585,ratio_974,iter_582,ratio_973,iter_583,ratio_972,iter_588,ratio_979,iter_589,ratio_978,iter_586,ratio_977,iter_587,ratio_976,iter_580,iter_581,pns_569,pns_568,pns_567,pns_566,pns_565,pns_564,pns_563,pns_562,pns_561,iter_579,pns_560,ratio_993,ratio_992,ratio_991,ratio_990,iter_573,ratio_986,iter_574,ratio_985,iter_571,ratio_984,iter_572,ratio_983,iter_577,iter_578,ratio_989,iter_575,ratio_988,iter_576,ratio_987,iter_570,pns_559,pns_558,pns_557,pns_556,pns_555,pns_554,pns_553,pns_552,pns_551,pns_550,iter_568,iter_569,iter_562,ratio_997,iter_563,ratio_996,iter_560,ratio_995,iter_561,ratio_994,iter_566,iter_567,iter_564,ratio_999,iter_565,ratio_998,pns_548,pns_547,pns_546,pns_545,pns_544,pns_543,pns_542,pns_541,pns_540,ratio_920,ll_800,ll_802,ll_801,ratio_924,ll_804,ratio_923,ll_803,ratio_922,ll_806,ratio_921,ll_805,ratio_928,ratio_927,ratio_926,ratio_925,pns_549,ratio_929,pns_537,pns_536,pns_535,pns_534,pns_533,pns_532,pns_531,pns_530,ratio_931,ratio_930,ratio_935,ratio_934,ratio_933,ratio_932,ratio_939,ratio_938,ratio_937,ratio_936,pns_539,pns_538,pns_526,pns_525,pns_524,pns_523,pns_522,pns_521,pns_520,ratio_942,ratio_941,ratio_940,ratio_946,ratio_945,ratio_944,ratio_943,ratio_949,ratio_948,ratio_947,pns_529,pns_528,pns_527,pns_515,pns_514,pns_513,pns_512,pns_511,pns_510,ratio_960,ratio_953,ratio_952,ratio_951,ratio_950,ratio_957,ratio_956,ratio_955,ratio_954,ratio_959,ratio_958,pns_519,pns_518,pns_517,pns_516,ll_844,ll_843,ll_846,ll_845,ll_848,ll_847,ll_849,ll_10,ll_11,ll_840,ll_842,ll_841,ll_829,ratio_102,ratio_101,ratio_100,ll_833,ll_832,ll_835,ll_834,ll_837,ll_836,ll_839,ll_838,ll_831,ll_830,ll_27,ll_28,ll_29,ll_23,ll_24,ll_25,ll_26,ll_819,ll_818,ratio_113,ratio_112,ratio_111,ratio_110,ratio_106,ll_822,ratio_105,ll_821,ratio_104,ll_824,ratio_103,ll_823,ll_826,ratio_109,ll_825,ratio_108,ll_828,ratio_107,ll_827,ll_30,ll_31,ll_32,ll_33,ll_820,ll_16,ll_17,ll_18,ll_19,ll_12,ll_13,ll_14,ll_15,ratio_120,ll_808,ll_807,ll_809,ratio_124,ratio_123,ratio_122,ratio_121,ratio_117,ll_811,ratio_116,ll_810,ratio_115,ll_813,ratio_114,ll_812,ll_815,ll_814,ratio_119,ll_817,ratio_118,ll_816,ll_20,ll_21,ll_22,ll_49,ll_45,ll_46,ll_47,ll_48,ll_888,ll_887,ll_889,ll_52,ll_880,ll_53,ll_54,ll_882,ll_55,ll_881,ll_884,ll_883,ll_50,ll_886,ll_51,ll_885,ll_38,ll_39,ll_34,ll_35,ll_36,ll_37,ll_877,ll_876,ll_879,ll_878,effect,ll_41,ll_42,ll_43,ll_871,ll_44,ll_870,ll_873,ll_872,ll_875,ll_40,ll_874,ll_67,ll_68,ll_69,ll_866,ll_865,ll_868,ll_867,ll_869,ll_74,ll_75,ll_76,ll_860,ll_77,ll_70,ll_862,ll_71,ll_861,ll_72,ll_864,ll_73,ll_863,pns_599,ll_56,pns_598,ll_57,pns_597,ll_58,pns_596,ll_59,pns_595,pns_594,pns_593,pns_592,pns_591,pns_590,ll_855,ll_854,ll_857,ll_856,ll_859,ll_858,ll_63,ll_64,ll_65,ll_66,ll_851,ll_60,ll_850,ll_61,ll_853,ll_62,ll_852,ll_790,ll_799,ll_792,ll_791,ll_794,ll_793,ll_796,ll_795,ll_798,ll_797,ll_789,ll_788,ll_781,ll_780,ll_783,ll_782,ll_785,ll_784,ll_787,ll_786,ll_778,ll_777,ll_779,ll_770,ll_772,ll_771,ll_774,ll_773,ll_776,ll_775,pns_504,pns_503,pns_502,pns_501,pns_500,iter_515,iter_516,iter_513,iter_514,iter_519,iter_517,iter_518,iter_511,iter_512,iter_510,pns_509,pns_508,pns_507,pns_506,pns_505,iter_504,iter_505,iter_502,iter_503,iter_508,iter_509,iter_506,iter_507,iter_500,iter_501,iter_559,iter_557,iter_558,iter_551,iter_552,iter_550,iter_555,iter_556,iter_553,iter_554,iter_548,iter_549,iter_546,iter_547,iter_540,iter_541,iter_544,iter_545,iter_542,iter_543,iter_537,iter_538,iter_535,iter_536,iter_539,iter_530,iter_533,iter_534,iter_531,iter_532,iter_526,iter_527,iter_524,iter_525,iter_528,iter_529,iter_522,iter_523,iter_520,iter_521,pns_469,pns_468,pns_467,pns_466,pns_465,pns_464,pns_463,pns_462,pns_461,pns_460,ratio_850,iter_474,ratio_843,iter_475,ratio_842,iter_472,ratio_841,iter_473,ratio_840,iter_478,ratio_847,iter_479,ratio_846,iter_476,ratio_845,iter_477,ratio_844,ratio_849,ratio_848,iter_470,iter_471,pns_459,pns_458,pns_457,pns_456,pns_455,pns_454,pns_453,pns_452,pns_451,iter_469,pns_450,ratio_861,ratio_860,iter_463,ratio_854,iter_464,ratio_853,iter_461,ratio_852,iter_462,ratio_851,iter_467,ratio_858,iter_468,ratio_857,iter_465,ratio_856,iter_466,ratio_855,ratio_859,iter_460,pns_449,pns_448,pns_447,pns_446,pns_445,pns_444,pns_443,pns_442,pns_441,pns_440,iter_458,iter_459,ratio_872,ratio_871,ratio_870,iter_452,ratio_865,iter_453,ratio_864,iter_450,ratio_863,iter_451,ratio_862,iter_456,ratio_869,iter_457,ratio_868,iter_454,ratio_867,iter_455,ratio_866,pns_438,pns_437,pns_436,pns_435,pns_434,pns_433,pns_432,pns_431,iter_449,pns_430,iter_447,iter_448,ratio_883,ratio_882,ratio_881,ratio_880,iter_441,ratio_876,iter_442,ratio_875,ratio_874,iter_440,ratio_873,iter_445,iter_446,ratio_879,iter_443,ratio_878,iter_444,ratio_877,pns_439,pns_427,pns_426,pns_425,pns_424,pns_423,pns_422,pns_421,pns_420,ratio_803,ratio_802,ratio_801,ratio_800,ratio_807,ratio_806,ratio_805,ratio_804,pns_429,ratio_809,pns_428,ratio_808,pns_416,pns_415,pns_414,pns_413,pns_412,pns_411,pns_410,ratio_810,ratio_814,ratio_813,ratio_812,ratio_811,ratio_818,ratio_817,ratio_816,ratio_815,pns_419,pns_418,pns_417,ratio_819,pns_405,pns_404,pns_403,pns_402,pns_401,pns_400,iter_496,ratio_821,iter_497,ratio_820,iter_494,iter_495,ratio_825,ratio_824,iter_498,ratio_823,iter_499,ratio_822,ratio_829,ratio_828,ratio_827,ratio_826,iter_492,pns_409,iter_493,pns_408,iter_490,pns_407,iter_491,pns_406,iter_485,ratio_832,iter_486,ratio_831,iter_483,ratio_830,iter_484,iter_489,ratio_836,ratio_835,iter_487,ratio_834,iter_488,ratio_833,ratio_839,ratio_838,ratio_837,iter_481,iter_482,iter_480,ll_719,ll_723,ll_722,ll_725,ll_724,ll_727,ll_726,ll_729,ll_728,ll_721,ll_720,method,ll_709,ll_708,ll_712,ll_711,ll_714,ll_713,ll_716,ll_715,ll_718,ll_717,exact,ll_710,ll_701,ll_700,ll_703,ll_702,ll_705,ll_704,ll_707,ll_706,ratio_890,ratio_894,ratio_893,ratio_892,ratio_891,ratio_887,ll_767,ratio_886,ll_766,ratio_885,ll_769,ratio_884,ll_768,ratio_889,ratio_888,ll_761,ll_760,ll_763,ll_762,ll_765,ll_764,pns_499,pns_498,pns_497,pns_496,pns_495,pns_494,pns_493,pns_492,pns_491,pns_490,ratio_898,ll_756,ratio_897,ll_755,ratio_896,ll_758,ratio_895,ll_757,ll_759,ratio_899,ll_750,ll_752,ll_751,ll_754,ll_753,pns_489,pns_488,pns_487,pns_486,pns_485,pns_484,pns_483,pns_482,pns_481,pns_480,ll_745,ll_744,ll_747,ll_746,ll_749,ll_748,ll_741,ll_740,ll_743,ll_742,pns_479,pns_478,pns_477,pns_476,pns_475,pns_474,pns_473,pns_472,pns_471,pns_470,ll_734,ll_733,ll_736,ll_735,ll_738,ll_737,ll_739,ll_730,ll_732,ll_731,ratio_292,ratio_291,ratio_290,ll_680,ratio_296,ratio_295,ratio_294,ratio_293,ratio_299,ratio_298,ratio_297,ll_689,ll_682,ll_681,ll_684,ll_683,ll_686,ll_685,ll_688,ll_687,ll_679,ll_678,ll_671,ll_670,ll_673,ll_672,ll_675,ll_674,ll_677,ll_676,ll_668,ll_667,ll_669,ll_660,ll_662,ll_661,ll_664,ll_663,ll_666,ll_665,ll_657,ll_656,ll_659,ll_658,ll_651,ll_650,ll_653,ll_652,ll_655,ll_654,iter_834,ratio_252,iter_835,ratio_251,iter_832,ratio_250,iter_833,iter_838,ratio_256,iter_839,ratio_255,iter_836,ratio_254,iter_837,ratio_253,ratio_249,ratio_248,ratio_247,ratio_246,iter_830,iter_831,iter_829,iter_823,ratio_263,iter_824,ratio_262,iter_821,ratio_261,iter_822,ratio_260,iter_827,ratio_267,iter_828,ratio_266,iter_825,ratio_265,iter_826,ratio_264,ratio_259,ratio_258,ratio_257,iter_820,iter_818,iter_819,ratio_270,iter_812,ratio_274,iter_813,ratio_273,iter_810,ratio_272,iter_811,ratio_271,iter_816,ratio_278,iter_817,ratio_277,iter_814,ratio_276,iter_815,ratio_275,ratio_269,ratio_268,iter_809,iter_807,iter_808,ratio_281,ratio_280,ll_691,ll_690,iter_801,ratio_285,iter_802,ratio_284,ratio_283,iter_800,ratio_282,iter_805,ratio_289,iter_806,ratio_288,iter_803,ratio_287,iter_804,ratio_286,ratio_279,ll_693,ll_692,ll_695,ll_694,ll_697,ll_696,ll_699,ll_698,pns_867,pns_866,pns_865,pns_864,pns_863,pns_862,pns_861,pns_860,iter_878,iter_879,iter_876,iter_877,iter_870,iter_871,iter_874,iter_875,iter_872,iter_873,pns_869,pns_868,pns_856,pns_855,pns_854,pns_853,pns_852,pns_851,pns_850,iter_867,iter_868,iter_865,iter_866,iter_869,iter_860,iter_863,iter_864,iter_861,iter_862,pns_859,pns_858,pns_857,pns_845,pns_844,pns_843,pns_842,pns_841,pns_840,iter_856,iter_857,iter_854,iter_855,iter_858,iter_859,iter_852,iter_853,iter_850,iter_851,pns_849,pns_848,pns_847,pns_846,pns_834,pns_833,pns_832,pns_831,pns_830,iter_845,iter_846,iter_843,iter_844,iter_849,iter_847,iter_848,iter_841,iter_842,iter_840,pns_839,pns_838,pns_837,pns_836,pns_835,pns_823,pns_822,pns_821,pns_820,pns_829,pns_828,pns_827,pns_826,pns_825,pns_824,pns_812,pns_811,pns_810,pns_819,pns_818,pns_817,pns_816,pns_815,pns_814,pns_813,pns_801,pns_800,cause,iter_898,iter_899,iter_892,iter_893,iter_890,iter_891,iter_896,iter_897,iter_894,iter_895,pns_809,pns_808,pns_807,pns_806,pns_805,pns_804,pns_803,pns_802,iter_889,iter_887,iter_888,iter_881,iter_882,iter_880,iter_885,iter_886,iter_883,iter_884,pns_799,pns_798,pns_797,pns_796,pns_795,pns_794,pns_793,pns_792,pns_791,pns_790,pns_789,pns_788,pns_787,pns_786,pns_785,pns_784,pns_783,pns_782,pns_781,pns_780,pns_779,pns_778,pns_777,pns_776,pns_775,pns_774,pns_773,pns_772,pns_771,pns_770,pns_768,pns_767,pns_766,pns_765,pns_764,pns_763,pns_762,pns_761,pns_760,pns_769,pns_757,pns_756,pns_755,pns_754,pns_753,pns_752,pns_751,pns_750,pns_759,pns_758,ratio_333,ratio_332,ratio_331,ratio_330,ratio_326,ll_602,ratio_325,ll_601,ratio_324,ll_604,ratio_323,ll_603,ll_606,ratio_329,ll_605,ratio_328,ll_608,ratio_327,ll_607,ll_600,ratio_340,ratio_344,ratio_343,ratio_342,ratio_341,ratio_337,ratio_336,ratio_335,ratio_334,ratio_339,ratio_338,ratio_351,ratio_350,ratio_355,ratio_354,ratio_353,ratio_352,ratio_348,ratio_347,ratio_346,ratio_345,ratio_349,ratio_362,ratio_361,ratio_360,ratio_366,ratio_365,ratio_364,ratio_363,ratio_359,ratio_358,ratio_357,ratio_356,ll_646,ll_645,ll_648,ll_647,falseState,ll_649,ll_640,ll_642,ll_641,ll_644,ll_643,ratio_300,ll_635,ll_634,ll_637,ll_636,ll_639,ll_638,ll_631,ll_630,ll_633,ll_632,ratio_311,ratio_310,ratio_304,ll_624,ratio_303,ll_623,ratio_302,ll_626,ratio_301,ll_625,ratio_308,ll_628,ratio_307,ll_627,ratio_306,ratio_305,ll_629,ratio_309,ll_620,ll_622,ll_621,ll_609,ratio_322,ratio_321,ratio_320,ratio_315,ll_613,ratio_314,ll_612,ratio_313,ll_615,ratio_312,ll_614,ratio_319,ll_617,ratio_318,ll_616,ratio_317,ll_619,ratio_316,ll_618,ll_611,ll_610,pns_91,pns_92,pns_90,pns_95,ratio_171,pns_96,ratio_170,pns_93,pns_94,pns_99,ratio_175,ratio_174,pns_97,ratio_173,pns_98,ratio_172,ratio_179,ratio_178,ratio_177,ratio_176,ll_569,ll_568,ratio_169,ll_561,ll_560,ll_563,ll_562,ll_565,ll_564,ll_567,ll_566,pns_80,pns_81,pns_84,ratio_182,pns_85,ratio_181,pns_82,ratio_180,pns_83,pns_88,ratio_186,pns_89,ratio_185,pns_86,ratio_184,pns_87,ratio_183,ratio_189,ratio_188,ratio_187,ll_558,ll_557,ll_559,ll_550,ll_552,ll_551,ll_554,ll_553,ll_556,ll_555,pns_70,pns_73,ratio_193,pns_74,ratio_192,pns_71,ratio_191,pns_72,ratio_190,pns_77,ratio_197,pns_78,ratio_196,pns_75,ratio_195,pns_76,ratio_194,pns_79,ratio_199,ratio_198,ll_547,ll_546,ll_549,ll_548,ll_541,ll_540,ll_543,ll_542,ll_545,ll_544,pns_62,pns_63,pns_60,pns_61,pns_66,pns_67,pns_64,pns_65,pns_68,pns_69,ll_536,ll_535,ll_538,ll_537,ll_539,ll_530,ll_532,ll_531,ll_534,ll_533,iter_719,iter_713,ratio_131,iter_714,ratio_130,iter_711,iter_712,iter_717,ratio_135,iter_718,ratio_134,iter_715,ratio_133,iter_716,ratio_132,ratio_128,ratio_127,ratio_126,ratio_125,iter_710,ratio_129,iter_708,iter_709,ll_590,ll_592,ll_591,iter_702,ratio_142,iter_703,ratio_141,iter_700,ratio_140,iter_701,iter_706,ratio_146,iter_707,ratio_145,iter_704,ratio_144,iter_705,ratio_143,ratio_139,ratio_138,ratio_137,ratio_136,ll_594,ll_593,ll_596,ll_595,ll_598,ll_597,ll_599,ll_581,ll_580,ratio_153,ratio_152,ratio_151,ratio_150,ratio_157,ratio_156,ratio_155,ratio_154,ratio_149,ratio_148,ratio_147,ll_583,ll_582,ll_585,ll_584,ll_587,ll_586,ll_589,ll_588,ratio_160,ll_570,ratio_164,ratio_163,ratio_162,ratio_161,ratio_168,ratio_167,ratio_166,ratio_165,ll_579,ratio_159,ratio_158,ll_572,ll_571,ll_574,ll_573,ll_576,ll_575,ll_578,ll_577,pns_746,pns_745,pns_744,pns_743,pns_742,pns_741,pns_740,iter_757,pns_11,iter_758,pns_12,iter_755,iter_756,pns_10,pns_15,pns_16,iter_759,pns_13,pns_14,pns_19,iter_750,pns_17,pns_18,iter_753,iter_754,iter_751,iter_752,time_learn,pns_749,pns_748,pns_747,pns_735,pns_734,pns_733,pns_732,pns_731,pns_730,iter_746,iter_747,iter_744,iter_745,iter_748,iter_749,iter_742,iter_743,iter_740,iter_741,pns_739,pns_738,pns_737,pns_736,pns_724,pns_723,pns_722,pns_721,pns_720,iter_735,iter_736,iter_733,iter_734,iter_739,iter_737,iter_738,iter_731,iter_732,iter_730,pns_729,pns_728,pns_727,pns_726,pns_725,pns_713,pns_712,pns_711,pns_710,iter_724,iter_725,iter_722,iter_723,iter_728,iter_729,iter_726,iter_727,iter_720,iter_721,pns_719,pns_718,pns_717,pns_716,pns_715,pns_714,pns_702,pns_701,pns_700,pns_51,pns_52,pns_50,pns_55,pns_56,iter_799,pns_53,pns_54,pns_59,pns_57,pns_58,iter_793,iter_794,iter_791,iter_792,iter_797,iter_798,iter_795,iter_796,pns_709,pns_708,pns_707,pns_706,iter_790,pns_705,pns_704,pns_703,pns_40,pns_41,pns_44,pns_45,iter_788,pns_42,iter_789,pns_43,pns_48,pns_49,pns_46,pns_47,iter_782,iter_783,iter_780,iter_781,iter_786,iter_787,iter_784,iter_785,pns_30,iter_779,pns_33,pns_34,iter_777,pns_31,iter_778,pns_32,pns_37,pns_38,pns_35,pns_36,iter_771,iter_772,pns_39,iter_770,iter_775,iter_776,iter_773,iter_774,iter_768,pns_22,iter_769,pns_23,iter_766,pns_20,iter_767,pns_21,pns_26,pns_27,pns_24,pns_25,iter_760,iter_761,pns_28,pns_29,iter_764,iter_765,iter_762,iter_763,pns_699,pns_698,pns_697,pns_696,pns_695,pns_694,pns_693,pns_692,pns_691,pns_690,pns_689,pns_688,pns_687,pns_686,pns_685,pns_684,pns_683,pns_682,pns_681,pns_680,iter_694,iter_695,iter_692,iter_693,iter_698,iter_699,iter_696,iter_697,iter_690,iter_691,pns_679,pns_678,pns_677,pns_676,pns_675,pns_674,pns_673,pns_672,pns_671,iter_689,pns_670,iter_683,iter_684,iter_681,iter_682,iter_687,iter_688,iter_685,iter_686,iter_680,pns_669,pns_668,pns_667,pns_666,pns_665,pns_664,pns_663,pns_662,pns_661,pns_660,pns_658,pns_657,pns_656,pns_655,pns_654,pns_653,pns_652,pns_651,pns_650,pns_659,pns_647,pns_646,pns_645,pns_644,pns_643,pns_642,pns_641,pns_640,pns_649,pns_648,pns_636,pns_635,pns_634,pns_633,pns_632,pns_631,pns_630,pns_639,pns_638,pns_637,ratio_212,ratio_211,ratio_210,ratio_205,ratio_204,ratio_203,ratio_202,ratio_209,ratio_208,ratio_207,ratio_206,modelID,ratio_223,ratio_222,ratio_221,ratio_220,ratio_216,ratio_215,ratio_214,ratio_213,ratio_219,ratio_218,ratio_217,ratio_230,ratio_234,ratio_233,ratio_232,ratio_231,ratio_227,ratio_226,ratio_225,ratio_224,ratio_229,ratio_228,ratio_241,ratio_240,ratio_245,ratio_244,ratio_243,ratio_242,ratio_238,ratio_237,ratio_236,ratio_235,ratio_239,ll_525,ll_524,ll_527,ll_526,ll_529,ll_528,ll_521,ll_520,ll_523,ll_522,ll_514,ll_513,ll_516,ll_515,ll_518,ll_517,ll_519,ll_510,ll_512,ll_511,ll_503,ll_502,ll_505,ll_504,ll_507,ll_506,ll_509,ll_508,ll_501,ll_500,ratio_201,ratio_200,ll_448,ll_447,ll_449,ll_440,ll_442,ll_441,ll_444,ll_443,ll_446,ll_445,ll_437,ll_436,ll_439,ll_438,ll_431,ll_430,ll_433,ll_432,ll_435,ll_434,ll_426,ll_425,ll_428,ll_427,ll_429,ll_420,ll_422,ll_421,ll_424,ll_423,ll_415,ll_414,ll_417,ll_416,ll_419,ll_418,ll_411,ll_410,ll_413,ll_412,ratio_490,ll_480,ll_482,ll_481,ratio_494,ratio_493,ratio_492,ratio_491,ratio_498,ratio_497,ratio_496,ratio_495,ratio_489,ratio_488,ll_484,ll_483,ll_486,ll_485,ll_488,ll_487,ll_489,ll_471,ll_470,ratio_499,ll_473,ll_472,ll_475,ll_474,ll_477,ll_476,ll_479,ll_478,ll_460,ll_469,ll_462,ll_461,ll_464,ll_463,ll_466,ll_465,ll_468,ll_467,pns_199,pns_198,pns_197,pns_196,pns_195,pns_194,pns_193,pns_192,ll_459,ll_458,ll_451,ll_450,ll_453,ll_452,ll_455,ll_454,ll_457,ll_456,ll_1,ll_2,ll_0,ll_5,ll_6,ll_3,ll_4,ll_9,ll_7,ll_8,ll_491,ll_490,ll_493,ll_492,iter_9,iter_8,iter_7,iter_6,iter_5,iter_4,iter_3,iter_2,iter_1,iter_0,ll_495,ll_494,ll_497,ll_496,ll_499,ll_498,pns_108,pns_107,pns_106,pns_105,pns_104,pns_103,pns_102,pns_101,iter_119,pns_100,iter_117,iter_118,iter_111,iter_112,iter_110,iter_115,iter_116,iter_113,iter_114,pns_109,iter_108,iter_109,iter_106,iter_107,iter_100,iter_101,iter_104,iter_105,iter_102,iter_103,ratio_502,ratio_501,ratio_500,ratio_506,ratio_505,ratio_504,ratio_503,ratio_509,ratio_508,ratio_507,ratio_520,ratio_513,ratio_512,ratio_511,ratio_510,ratio_517,ratio_516,ratio_515,ratio_514,ratio_519,ratio_518,iter_155,iter_156,iter_153,iter_154,iter_159,iter_157,iter_158,iter_151,iter_152,iter_150,iter_144,iter_145,iter_142,iter_143,iter_148,iter_149,iter_146,iter_147,iter_140,iter_141,iter_139,iter_133,iter_134,iter_131,iter_132,iter_137,iter_138,iter_135,iter_136,iter_130,pns_999,pns_998,pns_997,pns_996,pns_995,pns_994,pns_993,pns_992,pns_991,pns_990,iter_128,iter_129,iter_122,iter_123,iter_120,iter_121,iter_126,iter_127,iter_124,iter_125,pns_189,pns_188,ratio_571,pns_187,ratio_570,pns_186,pns_185,pns_184,ratio_575,pns_183,ratio_574,pns_182,ratio_573,pns_181,ratio_572,iter_199,pns_191,ratio_568,pns_190,ratio_567,iter_197,ratio_566,iter_198,ratio_565,ratio_569,iter_191,iter_192,iter_190,iter_195,iter_196,iter_193,iter_194,pns_179,pns_178,pns_177,ratio_582,pns_176,ratio_581,pns_175,ratio_580,pns_174,pns_173,ratio_586,pns_172,ratio_585,pns_171,ratio_584,pns_170,ratio_583,iter_188,pns_180,ratio_579,iter_189,ratio_578,iter_186,ratio_577,iter_187,ratio_576,iter_180,iter_181,iter_184,iter_185,iter_182,iter_183,pns_169,pns_168,pns_167,pns_166,ratio_593,pns_165,ratio_592,pns_164,ratio_591,pns_163,ratio_590,pns_162,ratio_597,pns_161,ratio_596,pns_160,ratio_595,ratio_594,iter_177,iter_178,ratio_589,iter_175,ratio_588,iter_176,ratio_587,iter_179,iter_170,iter_173,iter_174,iter_171,iter_172,pns_159,pns_158,pns_157,pns_156,pns_155,pns_154,pns_153,pns_152,pns_151,pns_150,iter_166,iter_167,iter_164,ratio_599,iter_165,ratio_598,iter_168,iter_169,iter_162,iter_163,iter_160,iter_161,pns_149,pns_148,pns_147,pns_146,pns_145,pns_144,pns_143,pns_142,pns_141,pns_140,ratio_531,ratio_530,ratio_524,ll_404,ratio_523,ll_403,ratio_522,ll_406,ratio_521,ll_405,ratio_528,ll_408,ratio_527,ll_407,ratio_526,ratio_525,ll_409,ratio_529,ll_400,ll_402,ll_401,pns_139,pns_138,pns_137,pns_136,pns_135,pns_134,pns_133,pns_132,pns_131,pns_130,ratio_542,ratio_541,ratio_540,ratio_535,ratio_534,ratio_533,ratio_532,ratio_539,ratio_538,ratio_537,ratio_536,pns_129,pns_128,pns_127,pns_126,pns_125,pns_124,pns_123,pns_122,pns_121,pns_120,ratio_553,ratio_552,ratio_551,ratio_550,ratio_546,ratio_545,ratio_544,ratio_543,ratio_549,ratio_548,ratio_547,pns_119,pns_118,pns_117,pns_116,pns_115,pns_114,pns_113,pns_112,pns_111,ratio_560,pns_110,ratio_564,ratio_563,ratio_562,ratio_561,ratio_557,ratio_556,ratio_555,ratio_554,ratio_559,ratio_558,iter_919,pns_900,iter_917,iter_918,iter_911,iter_912,iter_910,iter_915,iter_916,iter_913,iter_914,ll_327,ll_326,ll_329,ll_328,pns_909,pns_908,pns_907,pns_906,ll_321,pns_905,ll_320,pns_904,ll_323,pns_903,ll_322,pns_902,ll_325,pns_901,ll_324,iter_908,iter_909,iter_906,iter_907,iter_900,iter_901,iter_904,iter_905,iter_902,iter_903,ll_316,ll_315,ll_318,ll_317,ll_319,ll_310,ll_312,ll_311,ll_314,ll_313,ll_max,ll_305,ll_304,ll_307,ll_306,ll_309,ll_308,ll_301,ll_300,ll_303,ll_302,ll_361,ll_360,iter_955,ratio_373,iter_956,ratio_372,iter_953,ratio_371,iter_954,ratio_370,iter_959,ratio_377,ratio_376,iter_957,ratio_375,iter_958,ratio_374,ratio_369,ratio_368,ratio_367,iter_951,iter_952,iter_950,ll_363,ll_362,ll_365,ll_364,ll_367,ll_366,ll_369,ll_368,ratio_380,ll_350,iter_944,ratio_384,iter_945,ratio_383,iter_942,ratio_382,iter_943,ratio_381,iter_948,ratio_388,iter_949,ratio_387,iter_946,ratio_386,iter_947,ratio_385,ll_359,ratio_379,ratio_378,iter_940,iter_941,ll_352,ll_351,ll_354,ll_353,ll_356,ll_355,ll_358,ll_357,iter_939,ratio_391,ratio_390,iter_933,ratio_395,iter_934,ratio_394,iter_931,ratio_393,iter_932,ratio_392,iter_937,ratio_399,iter_938,ratio_398,iter_935,ratio_397,iter_936,ratio_396,ll_349,ll_348,ratio_389,iter_930,ll_341,ll_340,ll_343,ll_342,ll_345,ll_344,ll_347,ll_346,iter_928,iter_929,iter_922,iter_923,iter_920,iter_921,iter_926,iter_927,iter_924,iter_925,ll_338,ll_337,ll_339,ll_330,ll_332,ll_331,ll_334,ll_333,ll_336,ll_335,pns_988,pns_987,pns_986,pns_985,pns_984,pns_983,pns_982,pns_981,iter_999,pns_980,iter_997,iter_998,iter_991,iter_992,iter_990,iter_995,iter_996,iter_993,iter_994,pns_989,pns_977,pns_976,pns_975,ll_390,pns_974,pns_973,ll_392,pns_972,ll_391,pns_971,ll_394,pns_970,ll_393,iter_988,iter_989,iter_986,iter_987,iter_980,iter_981,iter_984,iter_985,iter_982,iter_983,ll_396,ll_395,ll_398,ll_397,ll_399,pns_979,pns_978,pns_966,pns_965,pns_964,pns_963,pns_962,ll_381,pns_961,ll_380,pns_960,ll_383,ll_382,iter_977,iter_978,iter_975,iter_976,iter_979,iter_970,iter_973,iter_974,iter_971,iter_972,ll_385,ll_384,ll_387,ll_386,ll_389,pns_969,ll_388,pns_968,pns_967,pns_955,pns_954,pns_953,pns_952,pns_951,ll_370,pns_950,ll_372,ll_371,iter_966,iter_967,iter_964,iter_965,iter_968,iter_969,iter_962,iter_963,iter_960,iter_961,ll_374,ll_373,ll_376,ll_375,pns_959,ll_378,pns_958,ll_377,pns_957,pns_956,ll_379,pns_944,pns_943,pns_942,pns_941,pns_940,pns_949,pns_948,pns_947,pns_946,pns_945,pns_933,pns_932,pns_931,pns_930,pns_939,pns_938,pns_937,pns_936,pns_935,pns_934,pns_922,pns_921,pns_920,pns_929,pns_928,pns_927,pns_926,pns_925,pns_924,pns_923,pns_911,pns_910,pns_919,pns_918,pns_917,pns_916,pns_915,pns_914,pns_913,pns_912,ratio_0,ratio_1,ratio_2,ratio_3,pns_899,pns_898,pns_897,pns_896,pns_895,pns_894,pns_893,pns_892,pns_891,pns_890,pns_889,pns_888,pns_887,pns_886,pns_885,pns_884,pns_883,pns_882,modelPath,pns_881,pns_880,pns_878,pns_877,pns_876,pns_875,pns_874,pns_873,pns_872,pns_871,pns_870,pns_879,ratio_450,ratio_454,ratio_453,ratio_452,ratio_451,ratio_447,ratio_446,ratio_445,ratio_444,ratio_449,ratio_448,ratio_461,ratio_460,ratio_465,ratio_464,ratio_463,ratio_462,ratio_458,ratio_457,ratio_456,ratio_455,ratio_459,ratio_472,ratio_471,ratio_470,ratio_476,ratio_475,ratio_474,ratio_473,ratio_469,ratio_468,ratio_467,ratio_466,ratio_483,ratio_482,infoPath,ratio_481,ratio_480,ratio_487,ratio_486,ratio_485,ratio_484,ratio_479,ratio_478,ratio_477,ratio_410,ratio_403,ratio_402,ratio_401,ratio_400,ratio_407,ratio_406,ratio_405,ratio_404,ratio_409,ratio_408,ratio_4,ratio_5,ratio_6,ratio_7,ratio_8,ratio_9,ratio_421,ratio_420,ratio_414,ratio_413,ratio_412,ratio_411,ratio_418,ratio_417,ratio_416,ratio_415,ratio_419,ratio_432,ratio_431,ratio_430,ratio_425,ratio_424,ratio_423,ratio_422,ratio_429,ratio_428,ratio_427,ratio_426,ratio_443,ratio_442,ratio_441,ratio_440,ratio_436,ratio_435,ratio_434,ratio_433,ratio_439,ratio_438,ratio_437
-11667.673338660794,-11667.600824499614,-11667.793019431601,-11667.560308563086,-11667.597546525658,-11667.793639667354,2000,-11668.446173753997,-11667.591453961217,-11667.609365688164,-11667.61810271637,/mnt/beegfs/rcabanas/dev/credici/papers/journalEM/output/synthetic/s12/random_mc2_n6_mid3_d1000_05_mr098_r10_23_uai_ccve.csv,-11667.676961630721,-11667.948825789073,-11667.608161328033,KL,-11667.440230400092,-11667.635658891715,-11670.995633391527,-11667.625685777735,-11667.975724216674,-11668.031004972843,-11673.200359987215,-11667.590577629358,-11667.605733465456,-11667.599722347994,-11667.646014583888,-11667.466870825152,-11669.973052668698,-11667.626716557306,-11667.801311230742,-11667.58100323151,-11668.743216334216,-11667.618527383363,-11667.601398535657,-11667.60727605327,-11667.649309683515,-11667.566266019316,-11667.585733313877,-11667.58836970906,-11667.689850102724,-11668.201793080792,-11667.592734340455,-11667.643688843365,-11667.564691357853,-11667.672421636626,-11667.604324267655,-11667.615643273086,-11667.587502707818,-11667.725253270006,-11667.610078313846,-11667.89321050691,-11667.591003282372,-11667.568070195335,-11667.61690378017,-11667.63145911023,-11667.620398580953,-11668.527099896119,-11667.604051482931,-11667.648967346338,-11667.579036569474,-11667.471819006592,-11668.22066961753,-11667.621825745184,-11668.013002630165,-11667.586438999466,-11667.611774887888,-11667.560376978416,-11667.60584229832,-11667.61153587152,-11672.367664857524,-11668.095204416466,-11667.596791115266,-11667.561535064753,-11667.904419894763,-11667.585718358234,-11667.624835987861,-11667.6138375925,-11667.670156099557,-11668.820907557802,-11667.996491796015,-11667.609415548524,-11681.580504833277,-11667.585422680675,-11667.60778599464,-11667.630217557324,-11668.410946437749,-11667.617453280316,-11668.483003466565,-11667.610307079309,-11667.751935199012,-11667.625798547719,-11667.609720807837,46,182,72,59,106,243,102,168,88,91,93,104,115,64,36,63,79,44,55,51,65,103,93,80,232,182,72,58,48,101,-11668.02092963018,-11667.594091181469,-11667.705298342686,-11667.618938727086,-11667.597258174437,-11667.573997045209,73,39,87,178,135,99,72,2747,86,41,117,-11667.59854117752,-11667.616252526514,-11667.607701626683,-11667.670329288718,0.9999700203170627,0.108708882251396,0.9999584236020762,0.07483676290609856,0.9999815285264011,0.09712629658871395,0.9999752688884425,0.004733319879384839,0.9999764629549565,0.05700009229391678,0.9999802213039466,0.005886071649943966,0.9999441317914628,0.03242075644356241,0.9999923836055636,0.02138002409252441,0.0792696125116093,46,0.006751160082897653,195,0.9999821341282732,96,0.9999757741061214,103,0.9999047446995287,89,142,0.9999829445306249,127,0.9999786411006377,65,0.999978473391319,141,0.99998010729194,0.9999219045656341,0.9999760572251171,0.9999745312780114,105,0.9999793040478037,0.9999797683790153,0.060592242799750735,0.9999805030813345,0.008937887047683543,0.9999791516563312,0.12605905362774153,0.9999812417917988,0.1111732308495814,0.9999823193878863,0.06972690704803207,0.9999595108102245,0.03960599301697583,0.9999700018318669,0.0715156276513098,0.9999822817855435,0.025685269447005044,0.9995584182287038,0.1589514673207074,0.9999827757137311,2.6046446283276324E-4,60,63,0.9999658541851203,36,0.999979756105558,83,0.9999062856152849,92,0.9999273547927897,147,0.9999767337497166,115,0.9999540248006208,136,0.9998861819239714,65,0.9999545534364728,25,0.9999099151662888,0.9999592665259873,0.9999110207229407,0.9988254620299505,0.06323923180764604,0.9999777528677746,0.13838511445916354,0.9988495799831761,0.0320068470989334,0.9999800476418232,0.028273063680513785,0.9995857144246494,0.037818450170787415,0.9999810530803976,0.0844466686050535,0.9999801610507365,0.01200381866082143,0.99998046744118,0.02611394090891961,0.999979249899275,50,0.09004569386757573,0.9999816592700183,0.9999487496422558,89,117,0.9999607287813699,0.9999809048115434,75,0.9999795233165557,83,0.9999638475325054,0.9999776138388171,76,0.9999804501434226,115,0.9999743095147408,111,0.9999498197442998,29,0.9999810074203724,210,0.9995206547549027,0.999968077823194,0.16162773166670902,0.1394434428620761,0.1651716505361421,0.9999749551588729,0.044926711383617035,0.9999371554483865,9.25240404819423E-5,0.9999793909161574,0.1661033382306742,0.9999780807101227,0.007216141188268955,0.9999795710406669,0.09573127893523665,0.9999755700354435,0.04365244045876909,0.9998894588592484,55,0.999962162715245,83,0.999915302594597,82,0.9999443011271217,124,0.9999804554102066,0.999979964913926,0.9999781397839194,197,0.9999642627181831,75,0.999980848296933,0.9999757459992324,0.9999745016545639,86,0.9999773840769848,67,0.9999731304550052,249,0.9998979298534283,30,0.9999658139433543,0.023627532945540368,0.021087312450140148,0.02367365253007993,0.0214761794908188,0.1433266185868226,0.1335160662584222,0.020584111888419382,0.018782788682401692,0.023512612551771905,86,89,78,92,69,38,63,90,0.15885220288474472,116,0.064170267558258,125,0.01454449986976435,0.9998324647906592,0.9999557401947854,0.9999332503631627,0.9999337857564508,0.9999783712047572,137,60,78,184,0.19510780369955963,52,62,0.9999803557866673,100,0.999661941831548,1.0474959776320183E-6,128,0.9999823846142121,71,0.9999730639166511,106,0.9999819137989392,0.9999832902143168,0.999933853328204,0.9998365653969726,0.9999626113601997,0.9999812580990015,0.999628728496406,117,0.9999095520600393,87,121,66,40,0.999980536678521,0.9999482464012253,110,0.999943547771343,158,0.9999060266861549,0.9999797220602838,0.9999809468561658,0.9999790631169673,0.999978712645736,59,0.9999378755311683,75,0.9988754671903286,0.9998880723684712,119,0.9999784549953175,0.9999765395734683,0.9999479970638943,0.9999934405538593,0.9999814529012526,0.9998953181415475,0.9999833554604803,0.9999926040371441,0.9999789073341336,117,0.056679171127540943,0.9999790990981793,148,0.13205814292805426,0.9999756274025402,84,0.016428784060401134,59,0.009241788726185573,130,0.14829875570308446,0.999980288251928,136,0.15038409992738652,0.9994446208026146,100,0.08179329944984758,0.9988547102375019,63,0.1659304176166271,0.9999691875625822,0.04184819290082337,0.9999254062557437,0.06786634574078498,0.9999796332678942,0.9999795502353153,0.9999889737934534,156,68,0.9999080368389255,0.9999818558675257,0.9999807767287533,0.03560326143121835,0.025808423904572428,0.15796067217864507,0.06242252508428658,0.01874099781820503,0.006999066173076898,0.1373107634081875,0.017846243785295576,0.008584938293969337,0.057494094060095376,0.9999796179208904,0.9999779771717867,0.9999791726953684,0.11396719520317289,0.9999814435576324,0.0067234788672568685,0.9999907774314888,0.019438158130897023,0.9998371771744893,0.01813283800337103,0.9999808256377565,0.04668598387139486,0.9999819581819035,0.0021581495788095565,0.9999770040101319,0.014442219064718223,0.9999785246031555,0.010611226144208494,0.9999807200123925,0.05825411752779145,0.9996763753199044,0.0021070420009079993,0.9999805489178808,0.9999717013014249,0.9999287622000048,0.9997516142355347,0.9999814323387112,0.9999807468183278,0.997649415377505,0.9999541092377016,0.9999883441805628,0.9999606492351477,0.08775112099419421,0.9999802805720861,0.02881517895843794,0.9999522032439481,0.13141606553065635,0.999899613260616,0.1807193247665086,0.9999810735170216,0.0383416258700876,0.9999791718162535,0.9999673895935146,0.025742341850231203,0.9998288161927436,0.05319349222428019,0.9999479814485562,0.14417433102965502,0.9999073202367489,0.02245564911683616,0.9999788851087004,0.9999441449765597,0.06147007015813864,0.9995579076429424,0.9999807278673297,0.9999788256868906,0.9999825367241749,0.9987828359631247,0.9999694315761508,0.9999588537571565,0.9999575790648704,0.9999369276859065,0.015230969400801148,0.058265713415696654,0.0016821185581552967,0.14644994239483236,0.1468190732368056,0.014907887303316592,0.9601717434021991,0.016059051734216942,0.9999780272248108,0.04815493667887123,0.11317616780467649,0.031959229200182314,0.9999827794129068,0.9999802240106399,0.999977427076971,0.9999782386947396,0.9999862159295275,0.9998038066828788,0.9999799610379355,0.9988188302438854,0.9999736752251341,0.04229171303303671,0.03356105194000225,0.07217383439500419,7.513238673012015E-5,0.026223810191122847,0.007315144450531028,0.005490129261192052,0.07312015629117372,0.11277446781189325,0.13764854192769727,0.9999800954584228,0.9999799823119849,0.9999791690974618,0.9999820018236141,-11669.546098460356,-11667.606594532068,-11681.75433453771,-11667.59836791862,-11667.60737170393,-11667.621053471785,-11667.795877111595,-11667.583002998166,-11667.702597884048,-11667.614540257586,-11667.544185979774,-11667.558747274688,-11668.618800677596,-11667.56357575036,-11667.651399616992,-11667.60920351695,-11668.506435112826,-11667.621297806849,-11669.319665341684,-11667.604618877594,-11668.320793452327,-11667.588168670192,-11667.615568040263,-11667.591756271491,-11667.602133471399,-11668.297679964922,-11667.580677946731,-11667.695888638624,-11667.619795179044,-11667.581082722314,-11667.656592766634,-11667.953436273338,-11667.881778095909,-11668.376867091925,-11667.896317492545,-11667.607330466773,-11667.61731114646,-11667.613078719507,-11667.995159792748,-11667.618487239324,-11668.412091969447,-11667.578198120545,-11668.036561435185,-11667.602349760104,-11667.617734425057,-11667.578165820943,-11667.606538338403,-11668.297771128067,-11667.635560802262,-11667.621065164076,-11681.761169238052,-11667.872397343328,-11667.580948516055,-11667.586689203385,-11667.599748540484,-11667.896998627339,-11680.36366054124,-11668.225186410416,-11667.622362713433,-11667.57538700576,-11667.572888098723,-11668.581323916056,-11668.17321510027,-11667.58501686143,-11667.596158784765,-11668.372323067506,-11668.143435662521,-11668.495882411451,-11667.85049828295,-11667.654339902296,48,112,118,68,41,294,86,98,39,132,-11672.016859488642,-11667.611312303972,-11667.61838033024,-11667.571743497712,-11668.656484501742,-11667.706812594133,-11672.501469713296,173,65,93,144,217,52,41,58,212,47,-11667.856523477358,-11667.585538077448,-11667.559956349514,-11668.434147091837,-11667.55514919181,-11668.099639895374,-11667.906700775173,-11667.61400623767,500,-11667.804852171674,-11668.021572440628,-11667.587557292365,-11667.616150465865,-11668.513857539785,-12080.289054265626,-11667.597125750228,-11667.680918136022,-11667.86013557514,-11668.252282758378,-11667.63886562478,-11667.661327737245,-11668.015988209034,-11667.928288975307,-11667.739771866374,0.034200936480409526,0.011294638073058513,0.05345954211869285,0.029782072729450285,0.13398306450578412,0.10070777657039412,0.19418587171336624,0.009302808309571569,0.11051402082612415,0.14176096008718791,106,73,361,0.9999810320354225,45,0.9999819403384822,110,86,217,0.9999264999409703,32,0.9999758873441618,97,0.9999760053385797,67,0.9999827383689368,0.9999835441323469,0.9999829763842273,0.9999828290921329,0.9999793156565522,9.025959252089244E-4,0.13863747377138044,0.11528428587680559,0.06620457148907682,0.003854172844204708,0.00966378723633425,0.09097224824210773,0.1275053768939994,110,0.07274792622532723,86,98,65,0.9999751310647793,72,0.9999028150165755,0.9999771128886848,141,65,0.9999789959649025,217,0.9999094826526017,80,0.9999481546033299,138,0.999970496484758,0.9999732137924388,0.9999471155605719,0.9999843256886287,0.030128536628448423,0.0024593420353888128,0.1561734592208759,0.11583685497546724,0.002123176342288902,0.03785946818338379,0.02204060650122138,0.04494574989678568,0.1021608229776504,141,94,57,87,0.9997793523465556,61,0.9999836683705503,80,0.9999385641862308,0.9988661395171682,0.9999658067484516,78,0.9999470659182823,113,0.9999125790792116,124,0.9996960641427418,49,0.9999800350669074,0.9999803488635095,0.9999718879160104,0.05202161639871631,0.07942384523799165,60,102,70,112,0.9999613811875784,0.9999752099270209,69,0.9999802334424637,110,0.9999828180521816,0.9999685092479813,0.9999801711078543,66,0.9999760285140267,126,0.9999790235876975,92,0.9999934415812939,204,0.9999805165974169,0.9999799949611174,112,78,174,-11667.739162319052,90,-11667.550298122133,340,165,-11667.684928459028,83,30,84,143,39,-11667.46302477526,52,-11668.289941501607,87,-11667.991865208576,59,-11672.691461699045,-11667.589018098095,-11667.542327793231,39,-11667.61377510882,169,-11667.598567637435,144,41,96,73,-11672.371303533226,-11667.561634609958,-11667.597656206379,-11668.506901515671,214,-11668.41248912388,79,107,-11667.575006472198,180,-11668.411230598816,55,-11667.6268774672,-11667.60818730074,92,-11667.581672359842,43,-11667.653070637201,45,111,57,43,192,67,152,209,81,81,87,101,116,202,60,245,-11667.645193058968,56,-11667.67740539371,45,-11668.028941599972,69,-11667.642579641342,103,-11668.494165047672,39,-11668.38378375657,71,47,129,142,103,64,87,165,94,71,37,239,106,100,253,35,143,83,75,45,54,88,114,90,52,135,43,51,0.9999945998667689,0.9999787655132695,0.9999817426116391,100,0.9995611742181546,65,0.9999597246751124,115,0.9999788418585015,53,0.9999827943222698,0.9999380324109775,-11668.096024649314,0.9999534372618435,-11667.599704272405,0.9999763390162033,-11667.749770136015,0.9999631743175734,-11667.97601894546,-11667.595126333006,-11672.357862822906,-11667.554331655938,-11667.629979566776,-11667.584169492702,-11667.709667014773,58,95,214,59,51,0.053832557191813186,90,0.002907884245699254,0.005121063553545017,0.004289286897584321,0.013645979488584589,82,0.06612890229947366,75,0.14342924814905592,127,0.07236485366819342,67,0.11868699212382769,-11667.623078323133,0.9999760092277039,-11667.60366026157,0.9999785040998675,-11667.606868334518,0.9999817842895776,-11667.573445203154,-11668.419211180617,-11667.59740334083,-11668.27125252654,-11667.605813065042,-11668.438702848736,-11667.653522180179,37,79,67,52,388,72,90,0.15829840480346255,170,0.01110632549649264,0.02843438301961373,7.779891225333052E-4,-11668.186125018961,0.07404731150250836,0.005009405350770642,38,0.02362791504121745,226,0.010900876475612983,0.12660283706709655,0.003907049081603966,109,0.03720362555469158,-11667.631404366173,87,-11667.632453637092,141,-11667.769231421327,111,-11668.418458676319,-11667.604046185295,-11667.585453815102,-11667.629507423215,-11667.547304272919,153,73,67,64,93,105,-11667.592347723892,61,-11667.585007031172,112,69,92,68,117,0.005913930092154305,90,0.005893129523702358,68,0.1287244149902411,0.009404386616017441,-11667.606454421159,0.060816579368303245,-11667.567741418396,0.00928518421160447,0.1180173759434197,54,0.0011580901142085177,110,0.11279625491909966,29,0.09478256444027865,30,-11667.588415297827,54,-11667.598599941135,43,-11668.624385153253,95,-11667.965734433099,-11667.628651952067,-11667.619305488037,58,-11667.515011459947,-11667.789126209056,45,172,95,117,-11667.580431680712,234,88,150,131,78,46,0.08995753540532447,98,0.010817107987594294,60,0.011964644098964899,218,0.1519873502956319,0.05862806893067184,0.14888931697597443,0.004462813919616969,1.0E-6,0.09013494050192276,0.024820214817338794,0.9998805877523518,0.11645417721441848,0.9999763491966933,0.9999807327289618,0.9999778580461803,0.9999793530618409,0.9998901493622724,0.999979142670762,0.9999814523785797,0.9999807109471897,0.9999801614900579,0.9999750616499282,128,299,136,40,0.1061008764076083,37,0.02150217819034502,130,0.013210196617305728,68,0.05781837521837435,58,0.11823615602620097,0.043363484710661475,0.12002291789633958,0.05180851989345134,0.02032936014098249,46,0.00427008305593956,0.9999813645531377,0.9999801537928387,0.999983403489556,0.999893642308793,0.9999733543249439,-11667.753055603616,0.9996419921468879,-11667.612706684751,0.9999744280135605,0.9999805727339246,-11668.376520544278,0.9999452742215255,0.9999835161725986,0.9999787091093828,-11668.027501318236,146,-11667.977667857598,211,-11668.051288944867,-11667.612298817014,-11668.381702554962,-11667.624269315296,-11667.613850447035,0.15327107946330304,0.14102708642286035,0.08997996851457221,0.1471749957029007,0.005578596101666446,0.022480508908264217,0.12313861188573866,0.9999791484492487,0.07034742928276354,0.12308037847659266,0.027677780661991655,0.99997776151766,0.9999411545551352,0.999979783641843,0.99997925428015,0.9997896122699105,-11667.644905594281,0.999976834937072,-11668.088546780593,0.9999800402577697,-11667.6436795831,0.9999800936937776,-11667.574430041255,0.9998105756491235,0.9999819630096805,-11668.553641901599,-11668.348041630441,-11668.353201421465,-11667.970824999864,-11667.614520704312,-11667.601214747272,0.0054407837937107085,0.027591566570858282,0.0390414011862991,0.02484495647503296,0.012104962954097815,0.018054875827815973,0.010277179760209358,0.06295937098463396,0.9999033379674254,0.03328684678389029,0.9999772651466301,0.0015916642267985634,0.9602377253574667,0.9999766493622815,0.9999795807437817,0.9999783790414299,0.9996825172381387,-11667.623903573927,0.9999820488274188,-11667.60279219215,0.9995046131682717,-11667.591112165243,0.9999827142670344,-11667.849272947022,-11667.603596716406,0.9999790529846905,-11667.58548416875,-11667.575020376522,-11667.811775739208,-11667.73301546671,-11667.741532943963,0,-11671.700146191324,-11667.59597727301,-11671.31235900807,-11667.883194766018,-11668.14562101132,-11668.139373550799,-11667.619133073753,-11667.57230531592,-11667.681058158023,-11667.577798686512,-11669.32179879898,-11667.45306857807,-11667.612877588439,-11668.09165052462,-11668.138585062014,-11669.273939682505,-11667.803019812924,-11667.585449259936,-11680.501884130685,-11668.672823440766,-11667.618155416345,-11667.561738984657,-11667.597255752436,-11667.73636524977,-11667.633948683335,-11667.60877472753,-11669.462088394379,-11667.617659459465,-11667.57411591308,-11668.251719273812,-11667.799933528706,-11673.964134085856,0.12276460400727982,0.06413283874594518,0.09720622945301242,0.12285117615534215,0.038009440005552286,0.14987245197466056,39,96,57,56,82,113,48,76,188,96,0.1378255366852703,0.1679993360077673,0.04091247110475899,0.03423403346175931,0.05533724093501095,0.04874363302889298,0.163178382770365,0.14493455901328073,0.016517762373845717,329,242,66,191,50,100,121,34,71,103,0.008828495175727608,0.021696491644733522,0.01426581720019493,0.001422194902282998,0.052942180990248715,0.048675628741093345,0.1024045093080587,0.09444737894031474,0.0420563427999547,51,231,77,79,69,48,134,34,146,0.999976361710525,81,0.9999761377273813,0.99997337697518,0.9999832991598836,0.9999033818328935,0.002248057811055839,0.9999128407801058,0.08803343700902783,0.9999432496204173,0.02253135783395227,0.09586971224746363,0.9999802118924025,0.016346879403404305,0.9999022904132688,0.01369025577538765,0.9995712501877697,66,72,98,64,59,100,68,52,112,0.9999793093178729,60,0.999982153108634,0.9999104887503856,0.9999103809026033,0.9999842707690229,0.9999815818018402,0.9999754625795851,0.9999777074685899,0.9999727322144518,0.9999680841519237,226,96,41,81,54,92,144,119,57,146,162,310,60,86,105,208,102,79,66,87,60,106,55,139,57,101,78,199,185,57,50,46,127,68,87,86,97,70,91,151,0.02017165375827481,0.003779861113826779,0.0013818637761386532,0.004299034015567041,0.06271064012996869,2.2347962177795107E-4,0.14023663539241527,0.015238196060672417,0.1251904607425817,0.16069389100716228,0.9999618609539469,0.999981255107109,135,0.9999800363613978,108,0.9999813677826541,237,0.9999706120141825,104,0.9999839250692945,35,0.9995724011932284,0.9999671750238899,48,0.9999477850814985,48,0.9999375006754125,0.9999804287171453,41,91,60,0.032926756368811066,0.02343599918344841,0.12086515483222807,0.0015733728459362253,0.08015430458477621,0.001035922957096946,0.06632067385565489,0.03645942889391318,0.06759299414720774,0.1265587262947231,0.9999482302038315,0.9998982851337476,0.9999159036824761,92,0.9999797717090819,95,0.9999686109600151,84,0.9999678809807062,183,0.999982151916949,43,0.9999797027567924,56,0.9999807727546729,46,0.9999586473558937,132,0.9999779623471325,154,69,0.0037668288157590326,0.022275354015358503,0.04752295157943702,0.10468494146340711,0.10091913979118648,0.006062777200752005,0.002213879920796815,0.0037159273035622655,0.10815689183028362,66,0.024112427696633142,0.9999130191270496,0.9999476437694313,0.99994133446971,0.9999433730517341,45,0.9999381415174263,91,0.999978766510042,175,0.9999799069050781,80,0.9999154615157869,27,96,0.9999762674399263,81,0.9999822025122745,256,0.9999761623645578,47,0.040368924360993666,0.04734087520208391,7.802384025582329E-4,0.003084109081091993,0.005417254206801404,0.0042616097283700175,0.014224437080750527,0.01225437516716621,0.15479428754781022,0.0671973255427047,42,49,78,0.9999789219815245,100,0.9999779310011361,47,0.9999788239547821,63,0.9999789569380457,62,48,109,0.999913463195677,83,0.9999668934478453,0.10046287365827128,0.07940951738248388,0.003814282979988136,0.01081935850339931,0.018467877176217982,0.05433117749907407,0.028683714179686112,0.1000469301757593,0.07314407267516759,0.999920882581965,-11668.054694120248,-11678.981460490873,-11667.558525305181,0.9999849538780536,-11667.552803274826,0.9999464270555513,-11667.583620457423,0.999543833983108,-11667.470993242672,0.9999917507133727,-11667.65766563436,0.9999827757683265,0.9999788304116822,0.999980133777526,0.9999809522285026,0.04485545045549594,0.9999794578353716,0.027132658567737104,0.007057990987208036,0.1620870250391469,0.17012789658332106,0.018321380585859443,0.07231215739038195,0.04416331917360834,0.09755936831264603,0.9999801310089136,0.9999816881354785,0.9999783564279161,0.9998922230604749,0.9999486664669592,0.9999810038920309,0.9999297792748907,0.9999872950725797,0.9999638020814453,0.9999775553858177,0.008542414190349883,0.048104588917859084,0.09375147005768972,0.024511344841708752,0.15433776870089633,0.018102241232779225,0.13129986788368514,0.03691230806543758,0.01103054176035646,0.9999772295613873,0.9999806668600844,0.9999812960006302,0.9999812577085965,0.9999655071261015,0.9999098693493474,0.9999773194894105,0.9999774820674161,0.9999845273612648,0.9999796642347646,0.06792095221543919,0.01243354454549084,0.039957679623105626,0.12286678721952668,0.028081329578086584,0.0027205780710674622,0.07071916963066426,0.07865895775333957,8.808737103963324E-4,0.9999774416022204,0.999979697310612,0.9999081345544607,0.9999754238801245,0.9999795128031989,0.9999802335644349,0.9999794223606715,0.9999822869189063,0.999978033075558,0.9999224841471018,0.9999098048644791,0.06158524754817037,2.772359772833235E-4,0.08064845951382295,0.037003790832845,-11667.85280880176,-11667.62876823455,-11669.825112929764,-11667.61201013231,-11668.637792609768,-11668.425270092084,-11667.590880477652,-11667.825914402447,-11667.59685486366,-11667.799716099462,-11667.588744352282,-11667.60450159852,-11667.601638320131,0.9999717928789699,0.9999798281651917,0.9999202194302972,-11667.611673576275,-11667.592270420391,-11667.8736100199,-11667.588412119587,-11667.620437910686,-11667.579275332017,-11667.597332770665,-11667.590381601942,-11668.351110214144,-11667.738541373745,-11667.577280835481,-11667.63508534676,-11667.617343241229,-11667.583285365357,-11667.47438061038,-11669.266799520488,-11667.590495135217,-11667.593067922968,-11667.595305742505,0.9999781856754004,0.9999756057942858,0.9999792222224649,0.9999831327919895,0.9999810250294714,-11667.592486830294,0.9999783144587386,-11667.558503051721,0.9999816323373077,-11667.617621923631,0.9999816670290027,-11668.326474189233,-11667.592110400983,0.9999786767475961,-11667.624892987309,0.9999807175510048,-11667.61456172436,0.9999182387131224,-11668.97278560099,-11667.658991194314,-11668.100053044569,-11667.607235224305,-11667.622522528804,-11667.617467466582,-11669.364382751854,-11667.973727620145,-11668.448205545752,-11667.613136911667,-11667.92446546786,-11668.538143026106,-11667.587602926716,-11667.609791649176,0.9999801508945744,-11668.441866799338,-11667.594287767031,-11667.568832479763,0.9999814677581846,0.9999793792190882,0.999978206616236,0.998768373516757,0.9999835466227087,-11667.610563461689,0.9998326475862229,-11667.573708577755,0.9999796151517977,-11672.925709161938,0.999902330380447,-11667.67865976591,-11667.600391808352,-11667.614119389162,0.9998927015981556,-11667.630465454153,0.9999847946192967,-11668.780554547971,-11667.604586568257,-11667.62373060163,-11667.609781391791,-11667.964763896849,-11667.598249418248,-11667.594674507822,-11667.608880588046,-11667.580768476968,-11667.606347137542,-11668.329450488029,-11667.632318645843,-11667.610026872186,-11667.6236402568,-11667.585639529181,-11667.573066362247,-11667.615615126868,-11667.839197884105,-11667.613454115208,-11667.59033013264,-11667.569533008365,-11681.08665633786,-11668.059500526293,-11667.594258664838,-11667.633405070086,-11668.35505592711,-11668.016671905903,-11667.60513355934,-11667.651816848896,-11668.656643144925,-11667.808254711954,-11667.65641294282,-11667.617525332982,-11667.613198486979,-11667.439705796216,5,-11680.804607962162,-11667.59957265429,-11672.202401616116,-11667.590966328122,-11667.587841377337,-11667.47694472448,-11667.750866053835,-11667.57942201884,-11667.62065889367,-11667.626347754667,-11668.391547145035,-11667.597546394098,-11668.018647827586,-11667.45564047278,-11667.728038100562,-11669.965702426945,-11668.4177654763,-11667.523680715738,-11667.587106926929,-11667.443308494536,-11667.583176345868,-11668.588266033761,-11667.480297555994,-11667.560977708345,-11668.439843141336,-11679.2650683069,-11667.578474618052,-11667.628947835006,-11667.591065796405,-11667.595769288553,-11667.973545411318,-11667.701561187718,0.03927096949133285,-11667.71678665845,0.05539330489846901,-11667.573505098102,0.061070081551433925,-11672.52114909306,7.136364666977148E-4,-11667.567742055404,0.008767828813296276,0.061688104628344356,0.12582598878097234,0.0029192795521656187,0.00775887593251842,0.016651126223844206,-11667.572814291008,-11667.606501452865,-11667.565383061341,-11667.525619518747,-11667.60638725165,-11668.25688538333,-11667.851883781386,-11667.582293966858,-11667.655330614147,-11667.641398329699,-11667.580485390577,-11667.608248791115,-11667.986706390036,-11667.602831046834,-11667.597789492105,-11667.716570971952,-11667.616826135869,-11667.623146588945,-11667.599014738247,-11667.620679183816,-12151.333192942438,-11667.597514812864,-11667.630149045835,-11667.576771633287,-11667.567698894276,-11667.600334911942,-11667.609823371637,-11667.673925417848,-11667.527602551265,-11667.613830237035,-11667.747266509683,-11672.527111552117,-11667.5916359025,-11681.164214414826,-11668.018493975032,-11669.656285104793,-11667.60058313402,-11668.102710767602,-11667.570530530937,-11667.861738134448,-11667.696957167811,-11671.143846722298,-11667.59372385221,-11667.8468645891,-11667.591727552468,-11681.585181905662,-11667.723440444035,0.09530345612779718,0.019164316241261074,0.1186140877724837,0.0014449797273075203,0.015258329999186014,79,70,74,57,87,149,135,26,58,332,0.07368386822812249,0.0038293508001352,0.1330183006889236,0.04100949856208885,5.3767018378219745E-5,150,115,51,76,68,97,130,73,162,70,53,172,65,113,73,112,116,180,54,100,65,60,134,77,74,114,64,64,263,121,55,43,114,44,68,81,122,115,47,236,34,48,183,76,105,37,102,63,100,111,0.02417302546692041,3.973709425822282E-4,0.0139805071374493,0.0014160950728079086,0.14223998331668233,0.04167009204363967,0.07135418895972634,0.03503576198984512,0.11208091958195852,0.007081653571798261,0.9999468691662851,52,0.9999775454197933,74,0.9999809756901281,42,0.9999796252032768,76,0.9999628944975537,66,0.9999092856543168,128,0.9997893424813635,71,0.9999789816799236,58,0.9999583443259724,0.9999807926116544,0.9998910741678844,43,88,0.13625220379399078,0.010792859651541803,0.0011313341737068533,0.09653321725772848,0.012517212501200449,0.13371718610076447,0.0585176775369316,0.012580256967844308,0.010087227634329822,42,0.18556552288569325,0.9999775300270839,0.9999902703047662,53,0.9999794538044903,118,0.9999802004690491,76,0.9999785689219107,62,0.9999816835322205,125,0.9999237153532424,73,0.999982977894165,57,0.9999863858888873,81,0.9999823409919324,0.9999794635921763,134,0.1371689666969629,1.909493448951663E-4,0.023930544143275317,0.027670335440516638,0.07388639042923459,0.09780234361275511,0.1492952900886442,0.012674212419514443,0.11106496632845497,0.07654372290602039,128,66,0.9999817746695697,0.9999807852537671,0.9999905576675702,43,0.9997772978974693,114,0.9999803736121369,153,0.9999713067173164,43,0.9989812465331714,75,0.9999811160271307,103,0.9999099287522204,60,0.9999865520575334,74,0.9999690375391994,0.003599042207365994,0.0071704420727295316,0.042545450389789824,0.07240853047632793,0.05803046160409524,0.06519529367746114,0.020620882945853153,0.05553722254034908,140,0.09528059028505452,229,158,0.9999826222180002,0.9999786727120155,0.9999788579226055,0.9999779849148236,102,0.9999785089968982,40,0.9999782404337151,0.9999121755031666,120,0.9999670810998886,91,90,0.999978879831356,101,0.9999937493340868,89,0.9999751761275774,0.10383748059603815,0.07327318317110568,0.1341733077713885,0.13354288712150533,0.014595649836152663,0.04083533074999211,0.003991860193878329,0.08276708145419218,0.005190624306175022,0.9999814148382455,0.9990055054028802,0.9999835656468994,0.9999410426493766,0.9999805005871076,0.9999910677545993,0.9999750687658017,0.9999840560613343,0.12352431488173912,0.9999826822576228,0.05233916478868032,0.9999078634248638,0.03653154989974989,0.1598576530001915,0.01244265069651243,0.09550223112082044,0.09183724612075304,0.017675410747940812,0.008561431826711418,0.9999822643460952,0.9999788009049599,0.9995237755493448,0.9999732694697504,0.9999791056676248,0.9999804133407131,0.9999773999591107,0.9998788409797571,0.9999799774356377,0.09833620112650422,0.052716628032326976,0.12420727375833404,0.9999806051348299,0.15375455701900084,0.11443504683883829,0.03181192389178623,0.08602141270496032,0.15142796852412813,0.011642930956297077,73,0.9999835675541614,83,0.9999785139563645,71,57,0.999977877549105,0.9999785007185521,72,0.9999177519018857,105,0.9999806549378549,0.9999798706024717,0.9999787629943983,0.9998623692846024,0.9999806872000412,58,0.0033327490258633803,57,0.009422739616527035,95,0.14899158664737244,83,0.021054224770000143,36,0.9999806734854448,151,0.9999156407211017,191,0.999968137369219,136,40,0.9999817872415135,0.9999565616231123,57,0.9999810041644249,108,0.9999790105246409,0.9999802396127037,0.9999808353682228,0.999978259373153,63,175,65,-11668.237154026741,-11667.598876666767,-11667.575227930938,-11667.615983964155,-11667.617940774202,-11667.66393701762,-11667.565772339265,-11668.278015768494,-11667.646132353313,-11667.649435765596,-11668.47826093134,EMCC,-11667.640504351406,-11667.603371486353,-11667.726287614594,-11667.610640113024,-11673.850190077515,-11680.744613753039,-11667.495424742989,-11667.596765256596,-11667.604407501836,-11667.605376312931,false,-11667.65114749327,-11668.463300692398,-11668.422161275634,-11667.970635999365,-11668.025462569942,-11667.61514918565,-11667.593866658866,-11667.589080781505,-11667.611059936586,0.9999792589721125,0.999924158068702,0.9998204448628435,0.9999784975015267,0.9999771014281081,0.9999174968478942,-11667.502770834133,0.99994063074518,-11668.197993283502,0.9999771480186018,-11694.856526441892,0.9999808397794436,-11667.902225456102,0.9999772411308449,0.9999794670301806,-11667.600537909608,-11667.621833262976,-11667.59141478574,-11667.594814883083,-11670.265504347362,-11667.583416265485,0.00384519176052166,0.07858756104343756,0.07592548145938051,0.06507350842545079,0.11343123133878691,0.07677729130822035,0.0018785404339808664,0.0721632831023744,0.0035016905086721877,0.022896689624594978,0.999968323871088,-11667.765651426042,0.9999628758632629,-11667.783751404655,0.9994348656993008,-11667.680281788871,0.9999822294349737,-11668.557787932248,-11667.630650765122,0.9999802462136093,-11667.589571350254,-11667.664282662863,-11667.824986234524,-11667.59023075216,-11667.649763714875,0.027757280736140075,0.09159596322280547,0.10707888930616578,0.13843574309503806,0.030686253853006277,0.007476331957781459,0.08565336546416094,0.001291869132789118,0.04133670615688119,0.15499396872645016,-11672.962155433961,-11667.605690396826,-11667.95227735733,-11667.58837412981,-11667.739236163376,-11667.666524543412,-11667.59487633499,-11667.765181878513,-11667.788595876498,-11667.62796992891,0.019651665087226395,0.012151475616911728,0.10854825966494727,0.11078931616856656,0.12501337096748782,0.008211406121843843,0.038871021078700774,0.015528797770130637,0.019734987669685452,0.016026145684150197,-11668.417924016912,-11667.602974251553,-11668.69488493012,-11667.897042352715,-11668.405022771913,-11667.903210705002,-11667.842048269411,-11667.638238720032,-11668.46027910418,-11668.214416382607,0.9999783878613229,0.9999439362420094,0.9999805174356305,-11667.63203843212,0.999978618083372,0.9999802460060296,0.9999822396226749,0.9999709864274526,0.9999793509428592,0.9999739834301454,0.9999801360452927,-11668.08981992319,-11667.619041636462,-11668.49467694111,-11667.63922334509,-11667.605020344918,-11667.79645109528,-12150.498223952985,-11667.910066369808,-11667.64284443684,-11667.611178158526,-11671.07214074568,-11667.608829472649,-11667.610064291954,-11668.053388320894,-11667.602652962618,-11667.568459001292,-11667.626246828793,-11667.57622320294,-11673.149501076183,-11667.577224506005,-11669.821963882083,-11669.57727862956,-11668.607822716178,-11667.598334102166,-11667.560417316874,-11667.59903532783,-11667.584207174057,-11667.637058075223,-11667.59965881019,-11667.615190447337,-11667.6776696764,-11668.005317202782,-11667.559102558995,-11667.642725651709,-11667.591579177872,-11667.593445970888,-11668.760169407651,-11671.545281397248,-11667.665141903342,88,0.9999105131012278,72,0.9999812603770016,45,0.9999793437120525,100,58,0.999966989470414,101,0.999978515172205,63,0.9999043382985022,61,0.9999774212051754,0.999950115545653,0.9999430727906012,0.9995002584313846,0.9999778096027286,46,161,74,82,0.9999788250564866,139,0.9999539211715435,57,0.9999812350356819,89,0.9999833076915328,210,0.9999792040501759,122,0.9999739982732674,70,0.9998753832078862,89,0.9999778824342628,0.999977799937739,0.999979177887751,0.999979127641021,131,70,80,0.9999446155826648,85,0.9999795102977425,131,0.9999811732724619,44,0.999979001841674,140,0.9999781404282347,254,0.999980286035691,157,0.9999790223267021,131,0.9995715617882716,60,0.9999834069468161,0.9987832358558978,0.9999460305573535,79,70,115,0.9999773147975572,0.9999827475901086,-11667.614532334517,-11667.579796064121,64,0.9999758142519907,36,0.9999782627439242,0.99990055956869,135,0.9999785622673697,115,0.9999268189115413,40,0.9999818077049014,72,0.999990996980351,66,0.9999796637807273,0.9999375709680841,-11667.567524935284,-11667.429782203842,-11667.836702442479,-11667.613641548929,-11667.579309774592,-11672.488965624976,-11667.646692383583,-11667.617582470892,0.1382401660524709,0.056575176085968855,0.05667459887776078,0.11042571553612646,0.16391919766138963,0.1861374196212341,0.022859183367778292,0.13313962409284014,33,160,104,87,47,95,144,58,56,53,0.06302241791663868,0.048948484733453396,0.016044418522303212,0.0023292900634466823,0.005266331212349221,0.04152278590554742,0.06095386088435528,0.002379238166333404,0.1610059853983378,41,53,240,36,67,45,122,75,76,36,0.022755231133067284,0.018182557209820156,0.003731838395496177,0.0011610731458787753,0.06694784503654251,0.11847115297378871,0.050789790406707815,0.15961267808115717,0.01306449023464815,45,54,131,57,37,44,54,84,79,46,0.024797583203930402,0.026660855061206433,0.031706061966413124,0.12189644074945495,0.01830154777669758,0.001896912657798938,0.002686149569092646,0.19510780369955963,0.16274494232858466,80,290,108,35,58,54,69,86,126,56,0.0365953645339187,0.015210554571770615,0.009207505033150886,0.012248502420792687,0.0792608942275512,0.041486211295962604,0.07745110092625146,0.011204042171808568,0.08946411402613673,0.0667485498779473,0.02571062128747609,0.07677138360857752,0.012876670174266107,0.11800957980494983,0.11877163608202483,0.01945980671094484,0.02646605488980342,0.005113616928111828,0.10447323119388001,0.02187261472008842,0.11917402745854028,0.16276893150272903,0.05300193074509955,0.03851462038447833,0.10246188489522377,0.013623304303943675,0.04033879935232547,0,44,56,73,140,69,95,239,105,164,63,0.0753453110708663,0.034363415522333865,0.011335218402972415,0.10152701508024964,0.14158542815865707,0.011121997653868725,0.11855322636720773,0.023848531515834298,77,166,53,115,105,130,67,163,67,104,0.02082658856266343,0.03657856104403775,0.006150804077164281,0.003903359954619535,0.010927846351082442,0.07874114880374751,0.07316752896278379,0.07679209482924713,0.14082655946021452,0.12973304316682607,0.1535207982895576,0.008695323435692206,0.0028241877632328868,0.09547061166636034,0.15811265827862278,0.008586610998612711,0.08526700124252636,0.002503318292212189,0.036423472356934564,0.0026792710674357805,0.15876526248477651,0.17318001501496436,0.013268831754463214,0.17690757816296157,0.0067621756547176426,0.1160595011410013,0.008554172988563095,0.012805446470955804,0.043924595049627604,0.012332103199641389,0.03787462294719486,0.024178294442191692,0.04280381465049959,2.687272343774046E-5,0.08754687495123047,0.011338840391514504,0.01473669679789609,0.05937203596484511,0.001075997574085813,0.19497896616869714,0.18469314387193841,0.014813440060169516,0.018169958954583003,0.034115008488131454,0.11402674952923048,0.13727210544104154,0.1591856247723643,0.10255519078831889,0.05352531734225141,0.009547302493431218,0.9999878369577019,0.9999811517745402,0.9999733154333388,0.9999790002033837,0.9999801021637006,-11667.56817778584,0.9999788847457023,-11667.58808692609,0.9998932233664455,-11667.64811451198,0.9999602862138693,-11667.646737761595,-11667.608113341987,0.9999737991079,-11668.224391710117,0.9999791990427106,-11667.565400678937,0.9999753400927759,-11667.56711924859,-11667.577489028738,0.9999822998292675,0.9999809179217489,0.9999746537623477,0.9999947152441456,0.999979551437718,0.9999564647793064,0.9999795224388611,0.9999770773207058,0.9998739166042958,0.9999847133168971,0.9999789428853937,0.999978524268961,0.9999673732755456,0.9999820842106028,0.9999345724274478,0.9999776135442289,0.9999799535270311,0.9999101482692033,0.99997957041652,0.9999794065576119,0.9989311290820369,0.9999439707959699,0.9999780596665819,0.9999793732407221,0.9999794014996158,0.9999763811212824,0.9999755487486487,0.9999793777184285,0.9999826209725068,0.9999904503025525,0.9999079148149811,0.99994209653349,0.9999798882654707,-11667.657748662008,-11667.625120545157,-11667.591833323593,-11667.598244292323,1,-11667.583182444312,-11667.656018572749,-11667.61013171449,-11667.817373779082,-11667.607676902722,-11668.648585017037,0.9999159236226353,-11667.594100961596,-11667.597404763965,-11667.611521158406,-11667.44329650692,-11667.600187323966,-11667.646467352186,-11667.598132073512,-11669.941721785297,-11667.567248060177,-11667.734202252936,0.999994210787847,0.9998373196042207,0.9999745220430565,-11667.599719376301,0.9999805051166205,-11667.557326751397,0.9989112054538747,-11668.386837650016,0.9999824384827596,-11670.913985775807,0.9996308895079814,-11667.694779744164,0.9999804944289298,-11667.98441056882,0.9996597074037701,0.9999115536651682,-11667.596058051206,0.9999747577648084,-11667.765735377352,-11668.083614740552,-11680.610959711103,-11667.55877633161,0.9997998549743154,0.9999808346893333,0.9999200664371797,0.9999573328983844,-11667.711015018325,0.9999797331760214,-11667.65693873314,0.9999489030975908,-11668.42297122423,0.9999803280332048,-11667.971707150047,0.999980774282724,-11667.549657334825,0.9999792536184635,-11667.611843457216,0.9999769523761254,-11667.679309408291,0.9999734500832455,-11667.983831312727,-11668.500779583404,-11667.63381496246,0.1411125340979192,0.007937292968074973,0.07440652311622313,0.025354091663876303,0.9999730759171704,0.018034308931490814,0.9658185101463885,0.002282612450977885,0.010444820805444902,0.0705474995909216,0.9999747549058532,0.99995771640722,0.1314884166081038,0.999924109780251,0.014430233083997468,0.9999802573555471,0.9999680319114831,0.9999443597196699,0.9999518755658375,0.9999766800207512,-11667.591988999153,-11669.400165679675,0.9999461447099017,-11667.57287883218,-11667.986154524115,-11667.599866773358,-11667.681975994865,-11667.614221606971,-11667.61768263594,-11667.605885071309,-11667.622288649898,0.03867262359164249,0.025268248082198175,0.018883636303323192,0.9999537256972937,0.0011125987280822232,0.9999085249528918,0.013099389579128736,0.9999838550012536,0.0313333599875818,0.01188277070343337,0.9999810774281549,0.13494774049367259,0.999978810602666,0.021768528137562346,0.9999624543220709,0.10534218671370105,0.9999371908546003,0.9999786268305285,0.9999016943352652,0.9999438811534577,-11668.397721718688,-11668.037182233162,-11667.616554862554,-11667.619374049513,-11667.576769676192,-11667.650116291801,-11667.598339097854,-11680.177295886311,-11669.08364763633,-11667.996674620417,0.058668249106377655,0.0036262820963396747,0.9998894724534138,0.014684768713658793,0.9999790414876812,0.13463944054837232,0.9999784357189717,0.0023642428967785897,0.999601604160098,0.015517418191414617,0.999981250486814,0.06822153507143175,0.9999708566498077,0.025326506206711955,0.9995601034450016,0.12969141340943452,0.9999824327654747,0.07558295480332612,0.9999834429973633,0.9999580259709381,-11667.6255189476,-11673.160242499163,-11667.572629727347,-11667.601597993737,-11667.616743545224,-11667.600190788142,-11667.870692516703,-11668.303274333077,-11667.625632927487,-11667.576865217336,0.09409633548424717,0.16445145819817783,0.03458657116427377,0.016707516966994084,0.03250975124102298,0.14113063493589104,0.10460118855667638,0.005682973524286063,0.02008569942768862,0.07633412393494816,-11667.573498307862,-11667.662368342691,-11667.572542563004,-11667.603908159259,-11669.276125418213,-11667.606066721457,-11670.350538399229,-11667.695059718359,-11667.678919893337,-11667.596902776917,102,38,0.9999812951581188,264,0.99998233466616,63,84,46,0.9999032346675802,90,0.999980340230062,92,0.9999138228956781,30,0.9999308856187811,0.9999794458270793,0.9999712178680698,0.9999787648342188,0.999963223509602,84,0.9998132470694735,146,63,-11667.676144375324,-11667.606866264628,-11667.425705535585,64,0.9999811518285069,158,0.99876778916287,211,0.9999566655515625,249,141,0.9999264318379061,107,0.9999800325673703,87,0.9999545571837969,131,0.9999816438395889,0.9998959130202905,0.9999585423420989,0.9999753537973131,0.9999334376425649,-11667.634695150373,-11668.434733783542,-11667.600859901384,-11668.051568997906,-11668.838842500025,-11667.558534726262,-11694.493752491888,-11667.644301771481,-11668.049400213513,0.999978491076566,0.9999818795650304,0.9999425966054266,0.9999104149362695,0.9999769632611246,0.9999818823333012,0.999979450643192,0.9999798096280205,0.9999780944071608,0.9999821204945941,0.9988872877257587,-11667.985100173642,-11668.281906924009,-11667.598773240772,-11667.612013466573,-11667.62139457237,-11667.798884908123,-11667.60116845541,-11667.475199757853,0.999949720424581,-11673.176781273032,0.9999793827533436,0.9999558616056325,0.9999134334985169,0.999975160715798,0.9999784265562809,0.9999785273538525,0.9999788900960898,0.9999546155579735,-11668.767914680257,0.9999782056141433,0.999920211618029,-11668.808706418547,-11668.28238575761,-11667.671563056554,-11667.93181040699,-11669.086672860198,-11667.605148667719,-11667.63627600236,-11667.481858764466,0.14409789071024576,0.015933261730469852,1.4503844117626954E-4,0.02521674339834077,0.0031048131968859686,0.02287652091176538,0.008102014676140553,144,0.07158873002627017,63,0.06781159573469667,112,118,0.01802235259901226,0.06928541249065247,0.011793056831115594,90,0.03839366037512286,0.004883025211334014,0.10822698491885963,62,0.040828934594276736,0.13843653321772045,124,125,75,171,630250,0.016069892846773737,0.09892266477714254,0.09524534061356008,0.11803564100241061,0.017363881145743217,0.009553552704408094,0.1548175387031833,0.01796390118264564,0.12357296368984112,49,85,152,133,59,102,106,139,133,100,0.04580533830592466,0.015624024543034867,0.016535943538610952,0.01242456145232192,0.043697391367050344,0.011253805200372537,0.057943588903948344,0.14810825851100187,0.14756068289341998,51,43,71,365,54,85,333,235,173,105,0.010651229291594566,0.05257790045599551,0.1585582285456908,0.04391370838918514,0.0012112005699997496,0.07323813396372364,0.018432143911094517,0.01883453660290906,0.14763799940341654,142,166,55,56,45,233,60,101,284,99,0.09051082642424964,0.022149114664375535,0.009336734961168575,0.06038631977161165,0.06732426630295064,0.08830973435201404,0.003939548069382792,0.036725438117998235,0.06692261382120872,0.030436743364767288,0.011576088976350214,0.004782186121031408,0.04472874362767568,0.09487388093332762,39,0.01243214359539423,0.007840199513897864,0.12112716710608754,0.08347395994204461,0.11414789224392904,92,68,21,84,79,79,44,50,0.16595436088396295,0.053272466272133515,0.05609698799024973,0.026856915183889045,114,0.11834794011225756,0.07413478536463806,0.02617758682145374,0.15665514591214352,0.02101500543529836,0.0062904991388023045,0.057763706674843616,47,9.952541448130553E-4,73,0.06651419814803451,0.030199939022211554,0.11107187281895643,0.0032282313744823486,0.006274626632397343,66,122,61,148,122,219,77,30,0.03888976158497878,42,0.11445225861511757,0.03695090909583053,65,0.004969637319465307,110,0.11951816779419112,0.035213494991010785,0.08424139485000394,0.14839892868243232,0.08804018090904582,128,188,0.11725642567840666,88,116,109,69,82,93,6.826406097585764E-4,116,0.07105060759350722,103,8.90227966398745E-4,40,0.027103708862780115,0.004485792885859085,0.0010439079281394422,0.036424378843132016,0.1879101578698571,135,46,0.10100461349455725,0.10690512924419596,57,215,42,77,0.021696620367158356,0.008825676648007263,0.048657791891799085,0.15757846844764206,0.029491443026465364,0.008569041048836558,0.08369739621911562,0.006848617464162604,0.08115251087558797,0.015281099794853646,0.09172403017082105,0.0010126952735882017,0.1404952758217491,0.004415978425105418,0.06928826739395473,0.15814891755505203,0.10639093759719326,2.5257550341702936E-4,0.019224439864442076,0.12968094271293235,187,98,38,61,86,95,237,77,68,121,0.013838387176825688,0.08333097487898822,0.1434168314848031,0.06244487937715436,0.009766759829619122,0.1354275953428259,0.16991947658016288,0.1103694758042241,0.052267635954990246,170,0.14594750209485366,86,92,138,87,95,40,36,119,140,0.06013177253178465,0.031083476218437815,0.12047643198598695,0.15448078350727482,0.05797367534875284,0.0031278582567016047,0.01621353686814734,0.013353019224202702,0.02140049819614278,1.0474959776320183E-6,0.026222195278146718,0.0023706897893277998,0.050409685026168584,0.18399156334947545,0.016499265844785227,0.0022444044853298455,0.1651487138233367,0.14083606430629325,0.06900573475065246,0.11285528434706658,0.08771531657883849,0.12166166279847515,1.5877618116239692E-4,0.018320193073865034,0.004074248648353527,0.11694149764568458,0.07293479520568982,0.10697290033308365,9.520931255434466E-4,0.010040936920541968,0.06098805853891019,0.03756344880781058,0.08392196503165401,0.0039531092518504726,0.07714062491191119,0.0012047639630145457,0.027823361568793097,0.09302352511534968,0.012644214613540842,0.03343686641523201,0.9999791472474944,0.9999786702997304,0.9999810821063726,0.9999799403515272,0.9999792083234871,0.9999784595119927,0.9999074943476304,0.9999802212926711,0.9999634684209482,0.9999834128104403,0.9999737255129327,random_mc2_n6_mid3_d1000_05_mr098_r10_23_uai,0.9999723104077737,0.9999829022191764,0.9999812337538948,0.999975784911985,0.9999830371774628,0.9999548818309475,0.9999807820865715,0.9999692762099147,0.9999738041061638,0.999979640401534,0.9999762666462746,0.9999760673185504,0.9999627577903841,0.9999914210772819,0.9997766681955148,0.9999800348122163,0.9999798911533665,0.9999284365691433,0.9999806337247924,0.9999810077992569,0.9999793874168862,0.999978423115718,0.9999937043713026,0.9999734150077013,0.9999478103398125,0.999976954854349,0.9996890704977567,0.9999793115438792,0.9999795196253317,0.9999816391501463,0.9998820404408474,0.9999777212594241,0.9999808185675254,-11667.709130956024,-11667.693645416759,-11667.589478269452,-11672.47842712942,-11667.429842022926,-11667.612362555621,-11668.241831432275,-11667.856697309027,-11667.577348131268,-11668.385801270071,-11668.4384872277,-11668.942317192777,-11667.596762089886,-11667.595628903444,-11667.619449991485,-11668.245735122602,-11667.639559757754,-11669.75861310775,-11668.278215528435,-11667.435450163812,-11667.72505600962,-11668.295022993983,-11667.60490866185,-11667.608031879641,-11667.690267898288,-11667.606754864588,-11667.801010591593,-11668.298737826386,-11667.612986507746,-11668.456967068658,0.9999807434607605,0.9999634152649607,-11667.60541266705,-11668.445189142562,-11668.384951450671,-11667.723886513499,-11668.406865951414,-11667.580059244656,-11667.651294280426,-11667.657152449976,-11667.560285858817,-11667.980305412291,-11667.561780874956,-11667.988321528783,-11668.15002765717,-11667.565743304567,-11669.455616117022,-11667.6174921081,-11667.614582865011,-11667.782826546994,-11669.215725668078,-11667.931849514462,-11667.637365861747,-11667.633189357417,-11667.627997719816,-11667.588047390476,-11667.523861819729,-11667.590310286905,-11667.441141802206,-11667.602626612925,-11672.789843052364,-11667.589087987852,-11667.79306535908,-11667.651555787455,-11667.644419730863,-11667.569662842596,-11673.333103075694,-11673.81326211368,-11667.69673428975,-11667.67239339828,-11667.545713857913,-11667.612483600467,0.9999464010979076,-11667.59660274351,-11667.599904299084,-11667.68915666671,0.9999835178169657,0.9999811535129582,0.9999823150874187,0.9999803679625877,0.9999025720606514,0.9999791471743622,0.9999800808712108,0.99998109872188,0.9999782554970091,0.9999773412717717,-11668.408504705743,-11668.227828208377,-11667.63784626338,-11668.409145906136,-11667.631150211855,-11667.580287430343,-11667.620483137045,-11667.623234352439,-11667.54794756822,0.9999790802032594,-11667.598864075846,-11667.608737228968,-11667.833919308563,-11667.586956121817,-11667.568699554873,-11667.605369019904,-11667.613536688714,-11667.563713882158,-11667.980671251615,-11668.425984531652,-11667.578092696858,-11667.599635517334,-11667.602966983612,-11667.582271370286,-11668.444268938134,-11667.62018936159,-11667.616135058319,-11667.614919289888,0.02168311035295853,0.02124583665933681,0.0327274197521066,0.09157343984980731,0.1600076562418557,0.06580008894733198,0.010210685511811248,0.04263648206455478,-11667.598577335473,-11667.599033238945,-11668.592772297281,-11668.516872457149,-11667.828324558808,-11667.70912605011,-11667.833093124409,-11667.578565145654,-11667.637307219718,-11667.589131377075,-11668.701201243295,-11667.734104419262,-11672.247625099404,-11667.68107535327,-11667.600024498339,-11667.643720996999,-11667.78513909702,-11667.603798572802,-11667.621668464146,-11667.890278577263,-11667.5958352065,-11667.992168098386,-11667.58666954953,-11667.573116539153,39,74,71,76,122,51,75,101,44,36,-11667.587308841266,-11667.55908337293,-11667.610079167143,-11667.59918493938,-11667.610860576206,-11668.503614791025,7.627208143139354E-4,0.13596089664879119,0.01150008357702939,3.86795101893508E-4,0.021485542909354314,0.12218926334919421,0.06927844423008721,0.05257848373434506,236,0.02721691198393026,76,29,67,70,78,67,61,56,188,0.08591899579792604,48,82,65,239,76,129,86,106,93,75,0.9999204471207147,0.9999788979991472,0.9999065694338866,0.9999794320856814,0.9999795903156508,0.9999793226383309,0.9999692931158948,0.9999627835559891,0.9999201287763732,0.9999722746008585,0.9999580110732258,0.999864979993782,0.9999218874470558,0.9999941140762637,0.9997950397554486,0.9999246708876379,0.9999802885233332,0.9999803856439518,0.99990815303176,0.9999766205299877,0.999978344043186,121,65,80,119,118,65,168,192,62,360,88,62,74,89,46,209,101,50,97,64,141,281,51,86,158,85,117,138,153,42,0.12998616624100987,0.03975003128263489,2.791645700225787E-5,0.010943924562214703,0.11693527855674703,0.07152178230842313,0.13675074220265213,0.04318584555410353,0.010113996799372225,0.0584256752873118,59,140,112,70,45,55,48,72,66,55,0.01284966296393877,0.14308298421744256,0.999921530076254,0.017533225596633256,0.9995022773274709,0.025112357064772738,0.02799751974100995,0.07889923264345612,0.9999795697457937,0.04007365424562234,0.9999738776904754,0.02869360137105126,0.9999515737760885,0.18010752121259627,0.9998764286975411,50,0.05224935705789409,0.9998257503280157,0.07116799755266519,0.9999795066318564,72,0.9999781007548046,72,0.9999787921443307,0.999980697604886,124,73,269,89,66,109,59,0.006701007441540385,0.01849959029934374,0.1123596973595169,0.9999215711102324,0.14538566724186847,0.9999762141152276,0.022740419847040363,0.9999414963322877,0.015708383374445363,0.042319843793356626,0.999962965732969,1.0376994333944672E-4,0.9999801161561406,0.12044625462798791,0.9999789813941589,0.04992369684793496,0.9999470068191054,170,0.10479008737117479,0.9998799240706518,163,0.9999769019647653,81,0.999990136497549,48,0.9998526108872217,43,182,88,155,95,120,0.11384660466222714,0.04618351498251224,0.15602247528165294,0.11087606768576456,0.9999084746772506,0.006000094116021193,0.9999794225380725,0.036822349840135084,0.9999949492708572,0.032317136308741064,0.999973485050241,0.10924120602454729,0.9999835648394532,0.14265461140682464,0.9999799373173935,0.08904188372915511,0.9999413104694214,0.9999770374519926,123,121,0.9999799108725546,89,0.9999907072243616,100,0.9999781773820723,48,42,36,54,61,120,0.003375931067148167,0.014809313980304106,0.16076535842128295,0.06258268705104882,0.06585154096900322,0.03797265373230156,0.04736852526385911,0.05412309556434265,0.10514033143887525,0.012886701483177986,110,72,56,0.9976803633797697,92,0.9998738464048272,102,110,48,103,61,80,0.08727442947060321,0.08491958959923976,0.06965533503607332,0.1848315203781207,0.14249080187651206,0.14685917778228672,0.014832214105719456,0.0012965321736061995,0.03175307964671999,0.0057370272991948135,0.9999718639210122,0.9999794910634164,0.999971985132783,-11671.210457642315,0.9999819524142474,-11667.61280935784,0.9999126678909256,-11667.55531740351,0.9999250054192943,-11667.623274760736,0.9999789514752945,-11667.74168269853,0.9999809127891144,-11667.878767152371,0.9995620766718244,0.9999706579566197,-11667.61065207754,0.9999945947397818,-11667.621205729465,-11667.488706219761,-11667.8812607787,0.019457532870100668,0.009520653001510013,0.14986975305608924,0.0010762105610338825,0.011044369711538361,0.02213681211580834,0.048856603567044236,0.053883181571442035,0.01964175768086287,0.11345610766570591,0.9999197400185351,0.9999785760003808,0.9999799946642177,0.9999746657209637,0.9999732471756442,0.9999802764656439,0.9997443297130744,0.9998363781207042,0.9999823642806848,0.9999796760643767,0.9999822823675086,5.610355339569372E-4,0.05463986807871563,0.11072739304183948,0.11577145776680922,0.11580208695009614,9.659515229875297E-4,9.060507425728839E-4,0.015150088249472565,0.010090443869432583,0.0968228066970638,0.9989032256075197,0.9999820019913488,0.9999757157816334,0.9999783505518253,0.9995036934428847,0.9999778141322768,0.9999819938028942,0.9999568116581482,0.9999823568101672,0.9999798740586734,0.999977823900962,0.050858904352586165,0.02281049982136593,0.06319159320992065,0.01693495767308758,0.00668697086426358,0.16325035398490506,0.10766614029236536,0.15683121811902195,0.01885749356852775,0.9999469164612163,0.04014199072371062,0.999978495515176,0.9999800224341368,0.9999729852538867,0.9999823354603594,0.9999425434034758,0.9998528701002048,0.9999460148893223,0.9999801533646796,0.999978592171518,0.999911646378987,84,0.16334907483088168,35,81,213,66,128,77,67,113,166,-11667.654499806042,-11667.598936502198,-11667.67247995626,-11667.609473974891,9.683971750921744E-4,0.16446023744703514,0.04677733474960836,0.004660710111583095,-11667.5903895231,0.19454056759236676,-11668.299465276867,0.14025341113972614,-11667.830150239746,0.05394248662565154,-11669.702409417017,0.04160114386741754,-11667.613141147076,0.06332585032870672,-11668.61271171216,379,93,48,54,55,58,216,178,43,92,-11667.676552369738,-11667.864610493525,-11667.608837193107,-11667.635687807393,-11667.591094336225,-11669.265137199527,-11667.596301095567,-11667.434321781122,-11667.603241789706,-11667.962973293914,-11667.366776528554,-11668.39880363609,-11667.66404477072,-11667.594359619554,-11671.33844659002,-11667.661294379082,-11671.674914198815,-11667.57167678971,-11668.347808942162,-11667.594234917482,-11680.08398827327,-11667.607441458598,-11667.607111738129,73,0.9998887853243421,103,0.999978736220211,112,0.9999770650583099,102,0.9999780885614354,143,0.9999782373276228,0.9999436076380288,106,0.999979198421158,351,0.9999800768225996,0.9999536742475819,0.9998979749803276,0.9999815824320334,169,301,60,-11667.569547540497,-11667.62276806228,-11667.652065221879,-11667.607389213399,-11667.581665006874,-11667.642353158211,-11667.907301113422,-11668.557261312686,0.9999825190332976,-11667.747456909832,72,0.9999808855342968,112,0.9998914404809631,125,0.9999032773095808,59,0.9998529435223693,52,0.999977145968814,161,0.9999778437272987,57,0.9994345870814454,99,0.9999361035793497,-11667.478197415312,0.9999684195258578,0.9999784045551319,77,86,-11667.600670770014,-11667.617347140565,-11668.130193963369,-11667.627973366134,-11667.60143223115,-11667.575810359545,-11668.441267101518,-11668.042396630703,88,0.9999785897617739,0.9999902060612289,105,0.9999801460422706,63,0.9999797986507716,104,0.9999780359497074,108,0.9995267252750911,98,0.9999811568621151,41,0.9999731872206319,95,0.9999734056970798,143,0.9999529503712449,-11668.020526431257,-11668.415203830271,0.9999833344698555,55,-11667.605362283488,-11667.573294567903,-11667.662507875324,-11667.428436039285,-11679.851029620255,-11667.589418382835,-11667.605140841786,-11667.6070527222,69,83,51,105,85,54,114,81,37,81,-11667.612462781366,-11667.874740030386,-11667.545134593616,-11667.611794003227,-11667.586689833053,-11667.67812346322,-11668.838023250444,-11667.50868893025,-11667.60570063763,-11667.634229966126,0.04238982183391094,0.12389298376538015,0.003170790646681006,0.09155851569847405,0.09397656070997275,0.07575676929973979,0.010662210136619138,0.02368645798517572,47,0.08536366624363341,98,120,125,132,171,137,108,43,124,0.08320715310484635,0.09793207463763372,0.01612692113885674,0.1401425631595133,-11667.48104712354,0.001568715105741132,0.015586568186466757,-11672.89126092896,0.00564959352216796,-11667.616582979126,0.10221794414003356,-11667.602477840865,0.01232209706142264,-11667.623044787902,69,80,116,112,74,42,87,111,92,176,-11667.915747632826,-11667.598424534477,-11667.679619447925,-11667.677070266935,-11667.586630472215,0.0016079405800959886,0.08246558260424802,0.01695612832711519,0.06925693102547709,0.05188010525290283,0.04338933201844667,0.07840021352146948,-11669.08279074094,0.08373897278443865,-11667.570736944102,0.1462546847492752,-11668.63351777106,-11668.495384795313,71,70,56,84,50,67,99,48,86,41,-11668.112327142004,-11667.589796273553,-11667.625287616202,-11673.9673885008,-11667.561222621818,0.018789288256012192,-11667.633428986806,0.16235671519025174,0.023009281863038394,7.199569274146412E-4,0.03180212044669676,0.06777245906438158,0.12426248173125146,0.1425270843192033,-11667.622430920643,0.12040289439756047,-11667.614874121897,-11667.634373042561,57,102,65,78,129,116,106,70,63,61,-11667.59923217789,-11668.664503266644,-11668.024764004535,-11667.609481227075,0.009449682949077063,-11667.61874394588,0.017662459235330615,-11667.62069513516,0.0036624579936020323,0.015135630504827878,-11667.735249139885,0.11917511990877515,0.11816999649242783,0.001195546163297698,0.010852050036010957,1.1038227198681771E-4,0.11758038215340404,0.1271670135439345,0.04433425664393476,0.012330426335040317,0.11594058718269827,0.15298350472621966,0.02274802024382809,0.03379797113133083,0.00802203289463153,0.08287103613154796,0.08433941872372079,0.008725275828715358,0.11698450272504689,0.08463883838868043,0.03586473996358663,0.09602516682560075,0.06556388517310216,0.019524255146854474,0.11781924426257144,0.11716949322678838,0.006907415541780054,6.863751355385267E-5,0.0017295873762418444,0.07528063046170928,0.04215216189208262,0.06851910223243265,0.09605690261367278,0.11961212013704904,0.14529739798438712,0.1433603349180053,0.002731825556458038,0.003225929735214751,0.07169740057020554,0.08901374733936689,0.10359591022184034,0.9995818415846186,0.9998856406817066,0.9999685176326935,0.9999762638905448,0.11403582303520024,0.022658173519036314,0.04431377881577188,0.07709643013739327,0.0534758282027563,0.1420961672514882,0.12093994742187553,0.021015999795939135,0.13821328886439824,0.08907179295579608,0.16939801431693965,0.02497102748812253,0.006456659118970718,0.05798833538721255,0.031539797522129605,0.1373461099912757,0.0260674885156047,1.0270554116102219E-5,/mnt/beegfs/rcabanas/dev/credici/papers/journalEM/models/synthetic/s12/random_mc2_n6_mid3_d1000_05_mr098_r10_23.uai,0.008981429679134241,0.008274219803748227,0.020170481408980187,0.15322024763368092,0.07062729646399593,0.012573108572618553,0.1638463790960186,0.1327638945940253,0.08846964780241,0.0031873366483401947,0.08809822805999329,0.006481263424291112,0.9999014359801536,0.9999818481087641,0.9999604426790131,0.9999706583770765,0.9998949319945728,0.9999075787222267,0.9999834147563395,0.9999474177306028,0.9999756148221526,0.9999127407155015,0.9999795471195625,0.9999800422541006,0.9999473863781267,0.9999782806751568,0.9999797567284621,0.9999815304630626,0.9999818886004769,0.9999800938728068,0.999976813584101,0.9999809425198284,0.9999600340018462,0.9999801329463486,0.9999792621859487,0.9999780197030077,0.9999844722266854,0.9999795508603687,0.9999599631959762,0.9999811289520197,0.9999801083710541,0.9999092244314269,0.9999786281510398,0.9999787323490661,0.9999076575775874,0.9999262054450341,0.9999800192179675,/mnt/beegfs/rcabanas/dev/credici/papers/journalEM/models/synthetic/s12/random_mc2_n6_mid3_d1000_05_mr098_r10_23_info.csv,0.999972369838292,0.9999803021802364,0.9999817004986011,0.9999767673852755,0.9999106673956535,0.9999107223425738,0.9999788508456007,0.9999831209532312,0.9999826936501065,0.9999738065263215,0.9999789131818727,0.9999895496199501,0.9999559059405347,0.9999781935669297,0.9999561196483064,0.9999838405844387,0.9999780162397993,0.9996706698822962,0.9999790980727538,0.9999678681461955,0.9999641437887755,0.9999730624429408,0.9999800089162043,0.9999781539080684,0.999955133101511,0.9999796854565565,0.9999797859001615,0.9999808414803394,0.9999755924097029,0.999984663670171,0.9999789411010812,0.9999717204030313,0.9994477823620798,0.999976204005511,0.9999826110904064,0.9999634644848313,0.9994888926329389,0.9999643419812808,0.9998209993972997,0.9999785118444519,0.9999771665063051,0.9995354095638894,0.99998094623854,0.9999936262567987,0.9999865365356836,0.999977611456989,0.9999810354238576,0.999976808558176,0.9999751127482039,0.9999108627737435,0.9999817200554855,0.9999693933462586,0.9999467307488572,0.9998415532643331,0.9999515704245451,0.999978761182528,0.9999328727238886,0.999982947019079,0.9999832866240552
